FamilyID	Spla<1>	Dare<2>	Neve<3>	Auco<4>	Clhe<5>	TrH2<6>	TrH1<7>	ClH23<8>	HoH13<9>	<10>	<11>	<12>	<13>	<14>	<15>	<16>	<17>
OG0000008	5.52397e-06	0.521301	5.18627e-05	0.00622266	0.238026	0.554753	0.639368	0.23784	0.861447	N/A	1.73765e-05	0.000478357	4.43201e-06	0.0306286	0.0149903	0.906935	0.673566
OG0000012	0.00419688	6.83306e-05	0.542811	0.0375855	0.00099562	8.34969e-07	4.27695e-13	0.0257577	0.232446	N/A	0.00543504	0.741794	0.0213367	5.2397e-05	0.0509029	0.776345	0.731131
OG0000013	0.000122322	1.61885e-13	0.957026	0.184067	0.211586	0.598673	0.163073	0.0936388	0.739782	N/A	0.000365292	0.502777	0.221895	0.0650564	0.0358402	0.807903	0.379803
OG0000015	4.29102e-06	0.0644841	0.128152	0.418012	0.000315237	0.540087	0.606624	0.637007	0.00798013	N/A	1.61903e-05	0.0133678	0.0446397	0.194811	0.210322	0.00636833	0.0815636
OG0000016	0.936914	0.0547233	0.801925	0.0297824	0.933184	0.627193	0.761351	0.000865386	0.045535	N/A	0.936914	0.0327506	0.244176	0.334243	1.13249e-09	0.350686	0.261321
OG0000020	0.0507135	1.20064e-17	0.860783	0.351588	0.447649	0.549946	0.0152952	0.841122	0.847314	N/A	0.0711301	0.103913	0.391282	0.150826	0.382791	0.530168	0.647578
OG0000025	0.14108	0.12595	0.109047	0.485363	0.0714255	1.09639e-05	8.02639e-07	0.192816	0.0890567	N/A	0.0968198	0.560889	0.858699	0.698962	2.73506e-06	0.156891	0.610434
OG0000026	0.235526	0.624634	0.00106418	0.12159	0.000513074	0.0901033	0.00133582	0.123172	9.70593e-06	N/A	0.179128	0.866611	0.491008	0.477781	0.25897	0.258829	0.264893
OG0000027	2.41669e-05	0.0524329	0.871227	0.617464	0.322433	0.0209292	0.0211511	0.69164	0.699999	N/A	3.60516e-05	0.89109	0.42523	0.325809	9.45395e-08	0.49759	0.413721
OG0000029	0.0202045	4.50975e-05	0.0209462	0.822415	0.0482794	0.5	0.5	0.5	0.5	N/A	0.0296897	1.93327e-05	0.104729	0.477831	5.36331e-11	0.5	0.5
OG0000031	0.0057928	0.960314	0.145778	0.494068	0.00165719	0.540087	0.00997238	0.557643	0.354464	N/A	0.00796147	0.664678	0.705816	0.150826	0.0490411	0.688498	0.866657
OG0000032	0.058339	0.0467307	0.000789442	0.0651786	0.362046	0.0828656	0.018261	0.000122921	8.0077e-12	N/A	0.0989671	0.267387	0.0214851	0.709225	0.55333	0.441305	0.236711
OG0000033	0.249053	4.65499e-06	0.952519	0.451968	0.301921	0.540087	0.606624	0.835162	0.571127	N/A	0.191674	0.170554	0.699769	0.920484	0.227675	0.688498	0.866657
OG0000034	0.0333638	4.82527e-12	0.927345	0.314403	0.0153089	0.0451604	0.29429	0.883858	0.6799	N/A	0.0520213	0.836853	0.00226248	0.000325532	0.00212767	0.207701	0.90434
OG0000035	0.000104319	0.45597	0.770441	0.461737	0.31239	0.519342	0.554754	0.715086	0.723697	N/A	7.23576e-05	0.879376	0.705816	0.92223	2.97984e-05	0.825096	0.449661
OG0000036	8.63721e-05	4.10629e-12	0.257625	0.440547	0.884475	0.511194	0.532472	0.664391	0.263947	N/A	0.00131491	3.60643e-06	0.545252	0.653158	9.77162e-05	0.757681	0.708429
OG0000038	8.63721e-05	1.0741e-06	0.947676	0.84349	0.578485	0.557127	0.091272	0.23784	0.406537	N/A	0.00131491	0.385504	0.881625	0.741807	0.521118	0.289922	0.882696
OG0000040	0.940392	0.0900972	0.828967	0.93821	0.0369295	0.55948	0.0214056	0.179869	0.878288	N/A	0.940392	0.608507	0.302751	0.194901	0.234746	0.74575	0.512813
OG0000043	0.175078	2.2353e-24	0.311448	0.543334	0.848421	0.516649	0.02537	0.176157	0.00336187	N/A	0.125227	0.124768	0.662735	0.734693	0.0110364	0.532152	0.781309
OG0000046	0.912401	0.420379	0.738766	0.370805	0.189245	0.147538	8.20736e-08	0.22527	0.153892	N/A	0.912401	0.446296	0.488442	0.209649	2.51879e-07	0.00551361	0.735353
OG0000047	0.000728063	4.0888e-08	0.162275	0.0131213	1.38491e-05	0.505644	0.516649	0.632599	0.639489	N/A	0.00256132	6.64063e-05	0.254355	0.640606	4.00733e-05	0.337984	0.672321
OG0000049	0.297626	5.86947e-21	0.297383	0.944457	0.555066	0.519342	0.554754	0.73534	0.744004	N/A	0.111064	0.115316	0.653548	0.726959	0.0172484	0.825096	0.781309
OG0000050	0.578027	1.15005e-12	0.027774	0.251091	0.228565	0.527286	0.00159144	0.793389	0.801274	N/A	0.691143	0.385504	0.662735	0.734693	0.117443	0.624439	0.833087
OG0000052	0.00027373	0.954311	0.0590182	0.174351	7.25579e-07	0.508431	0.0126979	0.632599	0.639489	N/A	0.000403377	0.858499	0.881625	0.161152	6.12425e-06	0.71987	0.672321
OG0000053	0.0254888	0.68848	0.162275	0.412907	0.00109604	0.508431	0.524661	0.632599	0.639489	N/A	0.0409656	0.00129491	0.000523356	0.0146421	0.000654549	0.71987	0.672321
OG0000054	0.000693557	0.00507021	0.112052	0.530754	0.742687	0.524661	0.104083	0.752912	0.761489	N/A	0.00102455	0.627313	0.132043	0.726959	0.00491976	0.849807	0.507437
OG0000055	0.201814	0.0495719	0.0165813	0.776758	0.332827	0.570959	0.00227089	0.0733074	0.332057	N/A	0.291503	0.791707	0.826871	0.643578	6.77904e-05	0.610881	0.537999
OG0000056	0.000198012	0.000116763	0.179655	0.575832	0.220204	0.532471	0.588365	0.494271	0.811377	N/A	0.00163041	0.0119314	0.884993	0.91444	0.421231	0.873229	0.84168
OG0000057	0.000865511	3.22126e-06	0.175813	0.0142429	0.657822	0.557127	0.64438	0.259475	0.167541	N/A	0.00325674	0.829859	0.607684	0.0316363	0.0753658	0.562268	0.483248
OG0000058	0.335499	7.18506e-13	0.430135	0.718379	0.945887	0.527286	0.57542	0.781615	0.467179	N/A	0.429445	0.358047	0.643576	0.718509	0.156093	0.858966	0.823123
OG0000059	0.0276549	0.443903	0.112052	0.0612559	1.08949e-08	0.00846676	0.000178001	0.143192	0.600783	N/A	0.0478149	0.021353	0.0153979	4.94867e-08	0.00457294	0.66873	0.627401
OG0000060	0.139187	0.387936	0.689543	0.660908	0.142392	0.107739	0.000130073	0.123172	0.000689712	N/A	0.335499	0.00158697	0.0541873	0.501267	0.000142237	0.610881	0.537999
OG0000061	0.352438	0.00179856	0.288639	0.430752	0.954485	0.519342	0.0295821	0.752912	0.209262	N/A	0.271877	0.134149	0.480049	0.916607	0.0134025	0.560985	0.797704
OG0000062	0.142478	0.0552783	0.128117	0.0033709	0.0589948	2.21871e-05	1.00355e-07	0.484913	0.499345	N/A	0.0869039	0.778614	0.515121	0.601715	5.75616e-05	0.750897	0.0207048
OG0000069	0.671687	0.366992	0.38014	0.245927	0.017751	0.55236	0.0167547	0.841122	0.847314	N/A	0.553013	0.822013	0.85231	0.892186	0.149017	0.264946	0.647578
OG0000071	0.0185384	0.680154	6.15894e-05	0.955765	0.0430715	0.0168064	0.532472	0.251597	0.672213	N/A	0.0106916	0.00818885	0.00198016	0.626594	0.0023899	0.757681	0.708429
OG0000072	0.523032	1.86414e-12	0.266754	0.708651	0.832575	0.522013	0.0337862	0.73534	0.744004	N/A	0.411679	0.343148	0.632705	0.709225	0.065865	0.83873	0.480596
OG0000073	0.136851	8.41642e-11	0.0491173	0.798674	0.1335	0.522013	0.00303838	0.73534	0.744004	N/A	0.286194	0.848759	0.0160269	0.353647	0.020861	0.83873	0.480596
OG0000075	0.783656	9.97582e-19	0.040751	0.932654	0.690071	0.519342	0.000758	0.73534	0.744004	N/A	0.648024	0.829859	0.244176	0.674716	0.0568389	0.825096	0.781309
OG0000077	0.646993	0.0480569	0.936492	0.373466	1.51048e-14	0.5	0.5	0.5	0.5	N/A	0.447952	0.164579	8.19606e-05	1.91661e-08	0.00248528	0.5	0.5
OG0000078	0.175078	2.05893e-05	0.0303811	0.662931	0.447649	0.508431	0.524661	0.251597	0.672213	N/A	0.125227	0.0627719	0.480049	0.754473	0.000242353	0.403476	0.708429
OG0000080	0.00383047	0.027265	1.17147e-06	0.282375	0.123578	0.5	0.5	0.5	0.5	N/A	0.00712934	2.80463e-05	0.0104041	0.92223	5.36144e-06	0.5	0.5
OG0000081	0.228616	3.30953e-14	0.250063	0.600592	0.943922	0.516649	0.547513	0.715086	0.3493	N/A	0.10492	0.0868458	0.620796	0.89647	0.0481031	0.808001	0.761598
OG0000082	0.00383047	0.0848534	0.575736	0.394154	0.343558	0.542583	0.0670083	0.366821	0.594954	N/A	0.00712934	0.293118	0.85231	0.892186	0.132893	0.697811	0.434746
OG0000085	0.921096	0.113384	0.756115	0.697385	0.00479634	0.55948	0.230434	0.0198137	0.0487803	N/A	0.921096	0.803136	0.0244434	0.0390702	0.0100466	0.301627	0.885867
OG0000086	0.0400788	0.0183992	0.677298	0.485363	0.941726	0.537569	0.058784	0.0132213	0.228912	N/A	0.0219277	0.813165	0.845018	0.485435	0.222763	0.354764	0.161013
OG0000087	0.411523	1.78188e-27	0.28905	0.920581	0.303163	0.511194	0.0169267	0.664391	0.672213	N/A	0.291503	0.254779	0.192314	0.624327	0.0515057	0.757681	0.708429
OG0000093	0.906799	0.113197	0.117249	3.07839e-07	0.0124168	0.5	0.5	0.5	0.5	N/A	0.906799	0.212003	0.0326416	7.7245e-11	0.00031344	0.5	0.5
OG0000094	0.0639226	0.0186613	0.0547856	0.920581	0.776347	0.561815	0.654052	0.0470324	0.0946258	N/A	0.109777	0.763536	0.801895	0.857712	0.000527936	0.14104	0.483248
OG0000095	0.146002	0.000136915	0.174406	0.625014	0.94766	0.511194	0.0169267	0.664391	0.672213	N/A	0.188045	0.848759	0.643576	0.903676	0.000242353	0.757681	0.708429
OG0000100	0.0276549	0.001387	0.0668391	1.79137e-05	0.403929	0.0126523	0.524661	0.251597	0.111045	N/A	0.0146093	0.0263597	0.397274	0.0020754	0.0223611	0.403476	0.708429
OG0000102	0.00383047	0.00105568	1.54992e-09	0.838867	0.0379891	0.502834	0.508431	0.0790078	0.00581836	N/A	0.00185954	0.000979711	0.191105	0.245217	0.00164653	0.0210578	0.672321
OG0000104	0.0684929	0.190445	0.00802214	4.92162e-07	5.54193e-06	0.508431	0.524661	0.632599	0.639489	N/A	0.10492	0.037477	0.0949817	0.582948	0.00164653	0.71987	0.672321
OG0000105	0.0190105	2.15567e-07	4.78711e-06	0.290811	0.953333	0.502834	0.508431	0.5	0.5	N/A	0.0268539	0.836853	0.0222773	0.582948	4.69509e-06	0.598363	0.105275
OG0000106	0.0639226	0.208736	0.828967	0.000342489	0.00643003	0.00424941	0.508431	0.076707	0.554812	N/A	0.181952	0.0730196	2.73534e-05	1.22094e-06	0.0128067	0.598363	0.571092
OG0000107	0.924568	0.942002	0.710603	2.24305e-15	0.0555684	0.00424941	0.508431	0.5	0.5	N/A	0.924568	0.813165	0.0578149	0.0243298	9.04165e-05	0.598363	0.105275
OG0000108	3.91085e-07	0.00224808	0.0118725	0.617576	0.303163	0.508431	0.000422284	0.595366	0.600783	N/A	2.97303e-08	0.546205	0.00739684	0.624327	0.000654549	0.71987	0.262648
OG0000110	0.0747459	0.00113947	0.282507	0.613374	0.541818	0.508431	0.524661	0.632599	0.639489	N/A	0.0561772	0.848759	0.643576	0.718509	4.00733e-05	0.71987	0.672321
OG0000112	0.00383047	0.00362785	0.0488619	0.314307	0.403929	0.502834	0.508431	0.551606	0.554812	N/A	0.0146093	6.32547e-05	0.104424	0.339072	0.000242784	0.598363	0.571092
OG0000113	0.752676	1.23997e-17	0.059328	0.638598	0.53496	0.513933	0.0603909	0.295946	0.699999	N/A	0.600475	0.274482	0.21039	0.643578	0.0634426	0.786152	0.737688
OG0000115	0.142478	0.672499	0.209835	0.510585	0.53496	0.545058	0.618071	0.0113054	0.216468	N/A	0.0869039	0.778614	0.815435	0.867243	0.0271832	0.504556	0.420571
OG0000116	0.228616	0.00224808	0.38014	0.331914	0.622215	0.0371139	0.00381492	0.219069	0.442699	N/A	0.155985	0.293118	0.85231	0.503438	0.517499	0.849807	0.811466
OG0000118	0.439762	1.43517e-10	0.700662	0.697849	0.422328	0.511194	0.532472	0.664391	0.672213	N/A	0.155985	0.0774526	0.858699	0.698962	0.0136596	0.757681	0.708429
OG0000119	0.411523	2.72356e-17	0.28905	0.925288	0.657822	0.513933	0.0211511	0.69164	0.30947	N/A	0.291503	0.254779	0.192314	0.867243	0.136103	0.786152	0.737688
OG0000122	0.439762	4.38406e-08	0.38014	0.313411	0.941726	0.513933	0.540087	0.69164	0.699999	N/A	0.155985	0.293118	0.85231	0.892186	0.0397895	0.786152	0.737688
OG0000123	0.450171	0.170686	0.342119	0.74981	0.37685	0.55236	0.0167547	0.461088	0.209323	N/A	0.225577	0.641178	0.0110235	0.616827	3.27931e-08	0.430931	0.0144958
OG0000125	0.411523	2.90862e-12	0.66339	0.423761	0.115738	0.519342	0.0827194	0.69164	0.30947	N/A	0.291503	0.254779	0.836623	0.660196	0.238015	0.278001	0.413721
OG0000126	0.0222237	0.936167	0.923303	0.113929	0.00101964	0.52989	0.0463395	0.000373696	0.000163498	N/A	0.0153943	0.492635	0.538398	0.867243	0.820873	0.866663	0.833087
OG0000127	0.28764	1.66171e-10	0.0720992	0.656557	0.452365	0.0168064	0.532472	0.104544	0.0107595	N/A	0.368219	0.822013	0.227677	0.660196	0.00574189	0.757681	0.708429
OG0000128	0.764429	0.000127444	0.360459	0.807469	0.939251	0.524661	0.568703	0.176157	0.0314362	N/A	0.618391	0.813165	0.845018	0.887306	0.351484	0.342972	0.480596
OG0000129	0.378901	0.000796391	0.0680893	0.745766	0.613143	3.45635e-05	0.000269346	0.293216	0.0172692	N/A	0.526708	0.763536	0.488442	0.84587	0.0438202	0.0113291	0.601017
OG0000131	0.296035	1.03498e-29	0.35697	0.122419	0.495651	0.505644	0.516649	0.595366	0.600783	N/A	0.447952	0.164579	0.0541873	0.501267	0.125549	0.66873	0.627401
OG0000132	0.924568	4.62798e-05	0.0328906	0.467038	0.403166	0.519342	0.0827194	0.73534	0.384316	N/A	0.924568	0.813165	0.576995	0.465466	0.174201	0.825096	0.781309
OG0000133	0.142478	3.41752e-14	0.923303	0.617576	0.924861	0.01135	0.00100366	0.153213	0.00212728	N/A	0.0869039	0.233964	0.538398	0.624327	0.675171	0.312197	0.449661
OG0000134	4.04789e-07	0.00426157	7.23829e-06	0.914881	0.000492031	0.00846676	0.00846628	0.143192	0.0562526	N/A	1.38246e-07	0.492635	0.826871	0.0609646	0.00176782	0.66873	0.627401
OG0000135	0.378901	4.99122e-13	0.172858	0.329319	0.277553	0.513933	0.540087	0.69164	0.699999	N/A	0.258746	0.233964	0.826871	0.875089	0.212719	0.786152	0.737688
OG0000136	0.00281725	0.218661	0.059328	0.776758	0.657822	0.01135	0.0935188	0.335018	0.723697	N/A	0.00426886	0.530084	0.21039	0.643578	0.115396	0.312197	0.449661
OG0000137	0.378901	7.36388e-18	0.260107	0.914881	0.613143	0.513933	0.540087	0.69164	0.30947	N/A	0.258746	0.778614	0.515121	0.601715	0.212719	0.786152	0.737688
OG0000139	0.296035	6.56986e-20	0.918518	0.453573	0.76016	0.508431	0.524661	0.632599	0.639489	N/A	0.109777	0.212003	0.515121	0.601715	0.0667151	0.71987	0.672321
OG0000141	0.678553	0.152805	0.521758	1.19984e-05	0.0787972	0.505644	0.516649	0.595366	0.600783	N/A	0.891247	0.164579	0.018718	1.23671e-06	0.125549	0.66873	0.627401
OG0000142	0.450171	0.0197259	0.0583796	0.742618	2.08364e-12	0.5	0.5	0.5	0.5	N/A	0.225577	0.0852364	6.18134e-08	0.00340668	0.0616687	0.5	0.5
OG0000143	0.142478	5.10584e-06	0.49852	0.776758	0.78966	0.0331132	0.561816	0.0517534	3.85207e-05	N/A	0.0869039	0.778614	0.815435	0.867243	0.801143	0.585383	0.288136
OG0000144	0.142478	4.68381e-13	0.15091	0.510585	0.657822	0.513933	0.0211511	0.129318	0.699999	N/A	0.222236	0.212003	0.815435	0.867243	0.424242	0.786152	0.737688
OG0000146	0.000322298	1.88571e-10	0.0254619	0.00305894	0.713627	0.5	0.5	0.5	0.5	N/A	0.000207499	0.813165	0.000938301	0.209649	5.36144e-06	0.5	0.5
OG0000147	0.0639226	0.928135	0.0547856	0.745766	0.919354	0.000220364	0.0463395	0.835162	0.00200025	N/A	0.109777	0.763536	0.801895	0.601715	0.0953257	0.304672	0.0628497
OG0000148	0.378901	1.23188e-14	0.0470624	0.776758	0.929385	0.511194	0.532472	0.664391	0.672213	N/A	0.526708	0.212003	0.815435	0.867243	0.185428	0.757681	0.708429
OG0000149	0.447952	0.0197259	0.0092325	2.38443e-06	0.00317924	0.5	0.5	0.5	0.5	N/A	0.646993	0.674119	0.0484222	1.59454e-12	0.0206421	0.5	0.5
OG0000152	0.837896	0.782758	0.5	0.5	0.5	0.554753	0.00691392	0.00486325	0.632973	N/A	0.837896	0.0060046	0.108563	0.5	2.28142e-07	0.55229	0.205968
OG0000153	0.0639226	1.87957e-17	0.0356387	0.195335	0.924861	0.0126523	0.524661	0.201047	0.639489	N/A	0.181952	0.0730196	0.515121	0.857712	0.156228	0.71987	0.672321
OG0000154	0.173036	3.62671e-05	0.930814	0.00910803	0.150855	0.0209292	1.95672e-07	0.251597	0.672213	N/A	0.110001	0.254779	0.836623	0.465466	0.136103	0.786152	0.37162
OG0000158	0.70406	0.5	0.5	0.5	0.5	0.557127	0.091272	0.146891	0.865372	N/A	0.70406	0.082593	0.5	0.5	7.26322e-10	0.289922	0.472211
OG0000159	0.198846	7.50288e-24	0.00244801	0.0108711	0.495651	0.5	0.5	0.5	0.5	N/A	0.2764	0.763536	0.0112885	0.501267	0.00031344	0.5	0.5
OG0000161	0.181009	0.0556989	0.0354924	0.60636	0.626356	0.0680658	2.00989e-05	0.846524	0.381878	N/A	0.319913	0.674119	0.32932	0.747343	6.72499e-05	0.504556	0.161013
OG0000162	0.604459	1.49275e-26	0.300964	0.60636	0.874523	0.505644	0.516649	0.143192	0.600783	N/A	0.392297	0.13915	0.0417968	0.449699	0.213122	0.66873	0.627401
OG0000164	0.142478	1.69558e-05	0.472199	0.485363	0.826077	0.505644	0.516649	0.595366	0.600783	N/A	0.0478149	0.021353	0.85231	0.892186	0.00457294	0.66873	0.627401
OG0000166	0.411523	0.32523	0.0583796	0.127568	0.11257	0.522013	0.0337862	0.000111651	0.723697	N/A	0.291503	0.254779	0.340864	0.887306	0.476767	0.312197	0.449661
OG0000167	0.703048	2.43879e-16	0.440089	0.914881	0.613143	0.508431	0.524661	0.632599	0.639489	N/A	0.526708	0.763536	0.488442	0.84587	0.0667151	0.71987	0.672321
OG0000169	0.738976	1.87593e-06	0.28905	0.925288	0.42742	0.513933	0.0211511	0.69164	0.699999	N/A	0.579793	0.791707	0.538398	0.867243	0.136103	0.786152	0.737688
OG0000170	0.0399501	1.30801e-05	0.338906	0.929254	0.211879	0.505644	0.0249747	0.551606	0.554812	N/A	0.0574478	0.813165	0.576995	0.660196	0.000681287	0.66873	0.191481
OG0000171	0.181009	0.751575	0.548443	0.560664	0.583365	0.537569	0.00878264	0.324951	0.557626	N/A	0.0409422	0.725772	0.76616	0.830777	0.00688607	0.88387	0.389187
OG0000172	0.378901	7.79559e-08	0.15091	0.510585	0.42742	0.513933	0.0211511	0.664391	0.672213	N/A	0.258746	0.233964	0.538398	0.867243	0.212719	0.786152	0.37162
OG0000173	0.0128895	5.62031e-15	0.35697	0.156653	0.542718	0.5	0.5	0.5	0.5	N/A	0.00864209	0.791707	0.000438159	0.0128565	4.06015e-05	0.5	0.5
OG0000176	0.378901	1.49007e-06	0.66339	0.467038	0.593475	0.0126523	0.524661	0.632599	0.211668	N/A	0.258746	0.104731	0.836623	0.465466	0.0402866	0.71987	0.672321
OG0000177	0.70406	2.19344e-37	0.5	0.5	0.5	0.5	0.5	0.5	0.5	N/A	0.109195	0.602119	0.00433858	0.5	0.195987	0.5	0.5
OG0000178	0.291503	0.00230824	0.918518	5.29112e-14	0.527336	0.00424941	0.508431	0.5	0.5	N/A	0.411523	0.725772	0.0907518	0.00156632	0.0218362	0.598363	0.105275
OG0000179	0.439762	0.403888	0.0272175	0.065704	0.493836	0.511194	0.0169267	0.664391	0.672213	N/A	0.579793	0.254779	0.340864	0.887306	0.0515057	0.757681	0.708429
OG0000180	0.722729	5.10584e-06	0.28905	0.776758	0.53496	0.513933	0.0211511	0.335018	0.162327	N/A	0.55557	0.778614	0.815435	0.867243	0.45229	0.49759	0.761598
OG0000181	0.218696	1.84379e-05	0.0356387	0.914881	0.613143	0.516649	0.547513	0.73534	0.744004	N/A	0.505637	0.791707	0.173468	0.601715	0.476767	0.532152	0.781309
OG0000182	0.370806	0.922799	0.548443	0.122419	0.891432	0.535031	0.0076545	0.803783	0.28978	N/A	0.2764	0.418841	0.457612	0.178266	0.132938	0.438787	0.84168
OG0000183	0.646993	0.253777	0.49852	0.0118549	0.000753306	0.5	0.5	0.5	0.5	N/A	0.879708	0.13915	0.0130031	1.0673e-06	0.00710455	0.5	0.5
OG0000184	0.891247	0.00230824	0.409859	7.50882e-15	0.108973	0.5	0.5	0.5	0.5	N/A	0.891247	0.725772	0.00154066	0.0303911	0.00248528	0.5	0.5
OG0000185	0.0661473	0.0197259	0.65125	0.0033709	8.696e-25	0.5	0.5	0.5	0.5	N/A	0.173036	0.674119	0.713008	0.0170403	0.0206421	0.5	0.5
OG0000190	0.604459	0.209312	0.507439	0.520419	0.903519	0.540087	0.162866	0.324951	0.83528	N/A	0.392297	0.702023	0.742332	0.811008	0.00158399	0.474516	0.389187
OG0000191	0.142478	0.00100397	0.338906	0.815207	0.0509476	0.508431	0.0126979	0.201047	0.0839965	N/A	0.0869039	0.104731	0.836623	0.19965	0.0402866	0.71987	0.672321
OG0000192	0.0172246	0.380565	0.102151	0.00139626	0.0605218	0.516649	0.0716789	0.69164	0.699999	N/A	0.0314366	0.233964	0.319071	0.465466	0.45229	0.808001	0.413721
OG0000193	0.0402293	1.95895e-15	0.00678156	0.745766	0.039001	0.5	0.5	0.5	0.5	N/A	0.138634	0.00620985	0.815435	0.26566	0.00248528	0.5	0.5
OG0000197	0.0402293	0.553789	0.782534	0.29342	0.32346	0.516649	0.02537	0.0646554	0.384316	N/A	0.0182508	0.212003	0.295563	0.179924	0.928731	0.532152	0.781309
OG0000198	0.142478	0.000184032	0.409859	0.533282	0.933184	0.511194	0.0169267	0.69164	0.699999	N/A	0.0869039	0.233964	0.826871	0.875089	0.212719	0.455521	0.737688
OG0000199	0.450171	1.20883e-30	0.505389	0.74981	0.37685	0.502834	0.508431	0.551606	0.554812	N/A	0.225577	0.641178	0.26933	0.293446	0.295294	0.598363	0.571092
OG0000203	0.340836	1.11114e-05	0.770446	0.638598	0.135308	0.511194	0.0169267	0.664391	0.111045	N/A	0.222236	0.212003	0.815435	0.867243	0.185428	0.757681	0.708429
OG0000204	0.340836	0.00143166	0.580756	0.416268	0.912459	0.0156015	0.581973	0.752912	0.415247	N/A	0.222236	0.763536	0.488442	0.574728	0.532071	0.124492	0.507437
OG0000205	0.879708	0.907309	0.35697	0.165091	0.000413327	0.540087	0.606624	0.239032	0.0575094	N/A	0.879708	0.702023	0.742332	0.811008	0.0197093	0.0234887	0.551581
OG0000209	0.142478	0.0304809	0.000350571	0.0107929	0.177306	0.0126523	0.524661	0.632599	0.639489	N/A	0.0869039	0.104731	0.340864	0.674716	0.0402866	0.71987	0.672321
OG0000216	0.340836	0.00269695	0.927345	0.932654	0.0101993	0.508431	0.524661	0.632599	0.211668	N/A	0.222236	0.0888149	0.826871	0.443198	0.0667151	0.71987	0.672321
OG0000217	0.906799	2.81118e-06	0.228062	0.914881	0.919354	0.519342	0.0827194	0.715086	0.3493	N/A	0.906799	0.763536	0.488442	0.84587	0.655531	0.278001	0.761598
OG0000219	0.738976	0.000184032	0.172858	0.0798805	0.810438	0.505644	0.516649	0.595366	0.600783	N/A	0.912401	0.233964	0.826871	0.443198	0.0117799	0.66873	0.627401
OG0000220	0.722729	2.81118e-06	0.00267049	0.592278	0.478927	0.519342	0.0295821	0.153213	2.35599e-06	N/A	0.906799	0.763536	0.488442	0.84587	0.655531	0.278001	0.761598
OG0000221	0.738976	8.70106e-06	0.647483	0.638598	0.929385	0.508431	0.524661	0.632599	0.211668	N/A	0.912401	0.233964	0.826871	0.643578	0.0402866	0.71987	0.672321
OG0000223	0.837896	0.291297	0.00917432	0.144669	2.50734e-09	0.5	0.5	0.5	0.5	N/A	0.837896	0.641178	0.112959	1.52137e-09	0.0616687	0.5	0.5
OG0000224	0.296035	5.67497e-12	0.228062	0.453573	0.364392	0.508431	0.524661	0.632599	0.639489	N/A	0.447952	0.164579	0.785706	0.84587	0.257909	0.71987	0.672321
OG0000225	0.340836	1.39459e-05	0.91274	0.914881	0.76016	0.516649	0.0716789	0.369586	0.186359	N/A	0.222236	0.763536	0.488442	0.84587	0.928731	0.532152	0.781309
OG0000228	0.526708	0.253777	0.000664875	3.19706e-08	0.422328	0.508431	0.0370457	0.143192	0.600783	N/A	0.703048	0.725772	0.76616	6.40146e-05	0.257909	0.71987	0.262648
OG0000229	0.634102	5.97749e-05	0.28905	0.638598	0.42742	0.505644	0.516649	0.595366	0.600783	N/A	0.505637	0.791707	0.538398	0.867243	0.00457294	0.66873	0.627401
OG0000231	0.378901	0.000141053	0.471632	0.76275	0.776347	0.513933	0.0211511	0.715086	0.723697	N/A	0.526708	0.763536	0.801895	0.857712	0.655531	0.49759	0.761598
OG0000232	0.24309	0.299926	0.35697	0.248582	0.189245	0.0450259	0.0463395	0.309495	0.828217	N/A	0.392297	0.702023	0.742332	0.811008	0.0197093	0.866663	0.0458242
OG0000233	0.543686	8.62642e-24	0.231628	0.60636	0.874523	0.502834	0.00423313	0.551606	0.554812	N/A	0.319913	0.674119	0.32932	0.747343	0.162503	0.598363	0.571092
OG0000237	0.579793	0.244614	0.260107	0.0252723	0.0530729	0.516649	0.547513	0.369586	0.00882653	N/A	0.738976	0.763536	0.801895	0.857712	0.928731	0.532152	0.781309
OG0000238	0.579793	0.498595	0.0491932	0.416268	0.324461	0.522013	1.74661e-05	0.0688135	0.811377	N/A	0.439762	0.746081	0.457612	0.830777	0.215735	0.243452	0.0876649
OG0000239	0.863342	4.44768e-22	0.231628	0.831963	0.542718	0.502834	0.508431	0.551606	0.554812	N/A	0.863342	0.112659	0.0302286	0.38271	0.162503	0.598363	0.571092
OG0000240	0.450171	3.09003e-24	0.231628	0.831963	0.542718	0.502834	0.508431	0.0264313	0.554812	N/A	0.225577	0.0852364	0.32932	0.38271	0.295294	0.598363	0.571092
OG0000244	0.646993	4.63552e-12	0.35697	0.467052	0.142392	0.513933	0.0211511	0.69164	0.016803	N/A	0.447952	0.725772	0.42168	0.501267	0.916752	0.786152	0.737688
OG0000246	0.0402293	0.000282755	0.770446	0.423761	0.800855	0.511194	0.532472	0.664391	0.263947	N/A	0.0182508	0.212003	0.815435	0.418229	0.185428	0.757681	0.708429
OG0000247	0.722729	0.78662	0.918518	0.638598	0.00285201	0.513933	0.0211511	0.0148637	0.00370636	N/A	0.906799	0.763536	0.801895	0.390086	0.424242	0.786152	0.737688
OG0000248	0.543686	3.68104e-18	0.154236	0.0366017	0.000413327	0.5	0.5	0.5	0.5	N/A	0.319913	0.112659	0.742332	0.811008	0.0206421	0.5	0.5
OG0000252	0.0402293	0.00691059	0.607019	0.617576	0.0778778	0.513933	0.00120114	0.0375428	0.30947	N/A	0.0741013	0.188874	0.801895	0.857712	0.631917	0.786152	0.737688
OG0000259	0.70406	0.395092	0.59529	7.00779e-09	0.0693616	0.5	0.5	0.5	0.5	N/A	0.70406	0.555608	0.00289022	3.85932e-10	0.398428	0.5	0.5
OG0000260	0.703048	1.85341e-08	0.471632	0.484403	0.637484	0.505644	0.00846628	0.595366	0.151346	N/A	0.899938	0.188874	0.801895	0.857712	0.0498814	0.66873	0.627401
OG0000261	0.646993	0.0208154	0.104309	0.0152596	0.924861	0.0250211	0.02537	0.010488	0.415247	N/A	0.447952	0.725772	0.213497	0.35822	0.466158	0.532152	0.236243
OG0000267	0.181009	2.68852e-17	0.689543	0.660908	0.142392	0.508431	0.0370457	0.595366	0.600783	N/A	0.319913	0.112659	0.742332	0.501267	0.895959	0.71987	0.262648
OG0000272	0.879708	0.00669299	0.738766	2.32189e-08	0.832575	0.5	0.5	0.5	0.5	N/A	0.879708	0.702023	0.0691718	0.000126713	0.00710455	0.5	0.5
OG0000273	0.0639226	0.0339245	7.87056e-06	0.0025939	0.0977512	0.5	0.5	0.5	0.5	N/A	0.181952	0.00916843	0.319071	0.881677	0.000878996	0.5	0.5
OG0000274	0.543686	7.78737e-24	0.505389	0.517502	0.542718	0.502834	0.00423313	0.551606	0.0814229	N/A	0.837896	0.641178	0.26933	0.694462	0.295294	0.598363	0.571092
OG0000275	0.340836	1.34336e-09	0.402504	0.416268	0.73991	0.511194	0.532472	0.632599	0.639489	N/A	0.891247	0.164579	0.457612	0.830777	0.602839	0.757681	0.32189
OG0000277	0.340836	3.82492e-05	0.440089	0.334316	0.919354	0.513933	0.0603909	0.69164	0.699999	N/A	0.491615	0.746081	0.785706	0.84587	0.631917	0.786152	0.737688
OG0000278	0.646993	1.80183e-12	0.35697	0.697385	0.545969	0.508431	0.524661	0.632599	0.211668	N/A	0.879708	0.13915	0.42168	0.811008	0.565965	0.71987	0.672321
OG0000279	0.678553	3.82492e-05	0.00267049	0.0222043	0.78966	0.513933	0.0603909	0.595366	0.151346	N/A	0.491615	0.746081	0.785706	0.11653	0.39178	0.198164	0.0185751
OG0000280	0.543686	0.0597902	0.905602	9.63851e-09	0.362046	0.5	0.5	0.5	0.5	N/A	0.837896	0.641178	0.00219007	1.5648e-05	0.0616687	0.5	0.5
OG0000283	0.319913	0.5	0.5	0.5	0.5	4.54896e-11	9.25018e-06	6.29517e-05	8.69141e-10	N/A	0.837896	0.000217259	0.5	0.5	0.000167656	0.00211042	0.5863
OG0000289	0.181009	2.34746e-11	0.35697	0.520419	0.189245	0.511194	0.532472	0.104544	0.672213	N/A	0.094592	0.702023	0.742332	0.811008	0.908011	0.757681	0.708429
OG0000291	0.24309	1.34336e-09	0.91274	0.416268	0.912459	0.508431	0.524661	0.632599	0.639489	N/A	0.138634	0.164579	0.785706	0.574728	0.257909	0.71987	0.672321
OG0000292	0.879708	0.514386	0.883178	0.0196885	0.0153089	0.524661	0.00128169	0.293216	0.820299	N/A	0.646993	0.674119	0.713008	0.784352	0.00990355	0.606298	0.0378428
OG0000293	0.450171	4.98971e-22	0.231628	0.831963	0.845331	0.502834	0.508431	0.551606	0.554812	N/A	0.225577	0.641178	0.67659	0.38271	0.295294	0.598363	0.571092
OG0000296	0.0324536	7.98675e-09	0.0660652	0.60636	0.269995	0.505644	0.516649	0.595366	0.600783	N/A	0.0511173	0.746081	0.00793825	0.449699	0.0498814	0.66873	0.627401
OG0000298	0.296035	0.292513	0.738766	0.914881	0.0243479	0.516649	0.02537	0.153213	0.0237524	N/A	0.181952	0.746081	0.785706	0.84587	0.923428	0.808001	0.761598
OG0000301	0.181009	3.16096e-20	0.59529	0.831963	0.17655	0.505644	0.516649	0.595366	0.600783	N/A	0.837896	0.641178	0.67659	0.38271	0.878313	0.66873	0.627401
OG0000303	0.24309	0.528527	0.0165813	0.533282	0.358833	0.0126523	0.524661	0.632599	0.639489	N/A	0.0741013	0.188874	0.0668168	0.875089	0.156228	0.71987	0.672321
OG0000304	0.181009	0.562848	0.00852477	0.370805	0.121141	0.0331132	0.00303838	0.0355044	0.00014094	N/A	0.094592	0.702023	0.742332	0.811008	0.139887	0.83873	0.797704
OG0000306	7.11024e-05	0.0480569	0.91274	0.0754641	0.76016	0.5	0.5	0.5	0.5	N/A	2.40268e-05	0.746081	0.785706	0.84587	0.000878996	0.5	0.5
OG0000308	0.24309	3.43346e-12	0.65125	0.886887	0.891432	0.511194	0.532472	0.251597	0.672213	N/A	0.392297	0.702023	0.379435	0.784352	0.908011	0.757681	0.708429
OG0000309	0.0402293	0.00254731	0.628897	0.0222043	0.332827	0.505644	0.516649	0.595366	0.600783	N/A	0.0741013	0.0730196	0.815435	0.867243	0.0498814	0.66873	0.627401
OG0000310	0.70406	0.782758	0.505389	3.84791e-15	0.933184	0.5	0.5	0.5	0.5	N/A	0.70406	0.555608	0.0379039	2.03517e-07	0.398428	0.5	0.5
OG0000312	0.450171	0.691192	0.0321864	0.105982	7.50352e-06	0.502834	0.508431	0.551606	0.554812	N/A	0.225577	0.0852364	0.148441	5.69096e-06	0.295294	0.598363	0.571092
OG0000315	0.450171	3.97752e-21	0.231628	0.831963	0.845331	0.502834	0.508431	0.551606	0.554812	N/A	0.225577	0.641178	0.67659	0.38271	0.295294	0.598363	0.571092
OG0000316	0.181009	0.00018397	0.738766	0.745766	0.76016	0.513933	0.540087	0.69164	0.30947	N/A	0.0409422	0.164579	0.785706	0.84587	0.916752	0.786152	0.737688
OG0000319	0.579793	0.00018397	0.192721	0.0553418	0.106812	0.511194	0.532472	0.664391	0.672213	N/A	0.439762	0.746081	0.457612	0.830777	0.39178	0.757681	0.708429
OG0000322	0.450171	0.558951	0.59529	1.57405e-19	0.134981	0.5	0.5	0.5	0.5	N/A	0.793348	0.602119	0.0759041	0.00117962	0.195987	0.5	0.5
OG0000325	0.604459	7.08396e-14	0.300964	0.195121	0.142392	0.505644	0.516649	0.595366	0.600783	N/A	0.392297	0.702023	0.379435	0.784352	0.213122	0.66873	0.627401
OG0000327	0.24309	0.498595	0.354157	0.510585	0.53496	0.0209292	0.0211511	0.129318	0.30947	N/A	0.138634	0.164579	0.242882	0.390086	0.916752	0.786152	0.737688
OG0000328	0.181009	7.69082e-09	0.689543	0.697385	0.903519	0.511194	0.000221788	0.025475	0.672213	N/A	0.094592	0.13915	0.42168	0.811008	0.908011	0.757681	0.708429
OG0000329	0.24309	0.0710498	0.607019	0.162326	1.1222e-05	0.00846676	0.516649	0.143192	0.600783	N/A	0.138634	0.164579	0.242882	0.390086	0.125549	0.66873	0.627401
OG0000330	0.678553	4.65854e-05	0.402504	0.416268	0.324461	0.511194	0.0169267	0.295946	0.137198	N/A	0.891247	0.725772	0.76616	0.830777	0.916752	0.455521	0.737688
OG0000331	0.604459	1.30685e-12	0.300964	0.660908	0.343187	0.508431	0.524661	0.632599	0.639489	N/A	0.392297	0.702023	0.379435	0.784352	0.565965	0.71987	0.672321
OG0000332	0.181009	2.68777e-09	0.300964	0.467052	0.343187	0.513933	0.0211511	0.69164	0.699999	N/A	0.094592	0.702023	0.379435	0.784352	0.728433	0.786152	0.737688
OG0000333	0.291503	2.69561e-13	0.0660652	0.392817	0.0503078	0.502834	0.508431	0.551606	0.554812	N/A	0.411523	0.725772	0.0417968	0.449699	0.0218362	0.598363	0.571092
OG0000335	0.0324536	0.00018397	0.192721	0.134677	0.0159223	0.505644	0.516649	0.595366	0.600783	N/A	0.0511173	0.746081	0.457612	0.830777	0.0498814	0.66873	0.627401
OG0000336	0.296035	0.00143166	0.918518	0.76275	0.509227	0.508431	0.0126979	0.632599	0.639489	N/A	0.181952	0.188874	0.801895	0.857712	0.156228	0.71987	0.672321
OG0000337	0.863342	0.15927	0.192721	0.00887943	0.00655724	0.5	0.5	0.5	0.5	N/A	0.863342	0.674119	0.0484222	2.26275e-06	0.0206421	0.5	0.5
OG0000338	0.320827	1.9303e-08	0.154236	0.886887	0.67785	0.505644	0.516649	0.595366	0.600783	N/A	0.439762	0.746081	0.0541873	0.501267	0.0498814	0.66873	0.627401
OG0000339	0.646993	0.348147	0.548443	0.294759	0.0700499	0.519342	4.36492e-05	0.73534	0.384316	N/A	0.447952	0.725772	0.76616	0.830777	0.466158	0.825096	0.781309
OG0000341	0.899938	0.105525	0.91274	0.914881	0.190884	0.513933	0.540087	0.0375428	0.00120518	N/A	0.899938	0.746081	0.785706	0.84587	0.631917	0.786152	0.737688
OG0000345	0.837896	6.24173e-23	0.741198	0.5	0.5	0.5	0.5	0.5	0.5	N/A	0.837896	0.641178	0.0110235	0.17136	0.0616687	0.5	0.5
OG0000347	0.703048	0.0552783	0.00984305	0.0953255	0.0399789	0.5	0.5	0.5	0.5	N/A	0.526708	0.212003	0.295563	0.875089	0.00031344	0.5	0.5
OG0000349	0.450171	2.66698e-14	0.300964	0.886887	0.0860172	0.502834	0.508431	0.551606	0.554812	N/A	0.107873	0.112659	0.379435	0.784352	0.162503	0.598363	0.571092
OG0000350	0.181009	0.751575	0.154588	0.453573	0.190884	0.519342	0.000758	0.73534	0.744004	N/A	0.0409422	0.725772	0.213497	0.84587	0.466158	0.825096	0.781309
OG0000354	4.36683e-07	0.895239	0.883178	0.60636	0.626356	0.5	0.5	0.5	0.5	N/A	1.87474e-08	0.312759	0.713008	0.449699	0.00710455	0.5	0.5
OG0000356	5.51253e-10	0.395092	0.129235	0.5	0.5	0.5	0.5	0.5	0.5	N/A	3.76006e-13	0.153358	0.573344	0.17136	0.195987	0.5	0.5
OG0000358	0.646993	0.916086	0.580756	0.423761	0.00737127	0.508431	0.0370457	0.632599	0.00581836	N/A	0.447952	0.725772	0.213497	0.0570287	0.257909	0.71987	0.672321
OG0000360	0.793348	0.558951	0.231628	0.453573	8.26917e-16	0.5	0.5	0.5	0.5	N/A	0.793348	0.602119	0.0759041	0.00117962	0.195987	0.5	0.5
OG0000362	0.491615	0.00669299	0.354157	0.00139626	0.32346	0.5	0.5	0.5	0.5	N/A	0.678553	0.702023	0.00828848	0.0173925	0.00710455	0.5	0.5
OG0000366	0.181009	1.24317e-06	0.756115	0.368351	0.509227	0.5	0.5	0.5	0.5	N/A	0.094592	0.00385879	0.801895	0.857712	0.00710455	0.5	0.5
OG0000367	0.450171	0.0597902	0.300964	3.30348e-07	0.924861	2.44352e-05	0.000764637	0.00171159	0.672213	N/A	0.225577	0.641178	0.112959	0.00250619	0.44991	0.757681	0.708429
OG0000369	0.604459	1.54783e-14	0.65125	0.60636	0.269995	0.505644	0.516649	0.595366	0.600783	N/A	0.863342	0.674119	0.713008	0.449699	0.517515	0.66873	0.627401
OG0000370	0.24309	1.6514e-06	0.689543	0.898761	0.39877	0.511194	0.0169267	0.104544	0.672213	N/A	0.392297	0.702023	0.742332	0.811008	0.908011	0.757681	0.708429
OG0000371	0.604459	4.08558e-10	0.689543	0.886887	0.67785	0.508431	0.524661	0.632599	0.211668	N/A	0.392297	0.702023	0.742332	0.501267	0.565965	0.71987	0.672321
OG0000372	0.181009	1.71051e-05	0.320173	0.334316	0.919354	0.505644	0.516649	0.595366	0.600783	N/A	0.0409422	0.164579	0.785706	0.84587	0.125549	0.66873	0.627401
OG0000373	1.0144e-08	0.192901	0.27358	0.831963	0.542718	0.5	0.5	0.5	0.5	N/A	1.44389e-10	0.214274	0.630968	0.694462	0.0616687	0.5	0.5
OG0000377	0.000500261	0.152805	0.738766	0.334316	0.613143	0.5	0.5	0.5	0.5	N/A	0.000181427	0.746081	0.785706	0.84587	0.000878996	0.5	0.5
OG0000378	0.24309	0.000105419	0.192721	0.907804	0.0259175	0.511194	0.000221788	0.664391	0.672213	N/A	0.138634	0.725772	0.76616	0.830777	0.602839	0.757681	0.708429
OG0000379	0.450171	1.97598e-18	0.59529	0.831963	0.542718	0.502834	0.508431	0.551606	0.554812	N/A	0.225577	0.641178	0.67659	0.38271	0.295294	0.598363	0.571092
OG0000380	0.450171	8.38116e-21	0.505389	0.74981	0.768207	0.502834	0.508431	0.551606	0.554812	N/A	0.793348	0.602119	0.630968	0.293446	0.851985	0.598363	0.571092
OG0000381	0.604459	4.66739e-08	0.689543	0.898761	0.713627	0.508431	0.524661	0.632599	0.211668	N/A	0.392297	0.13915	0.42168	0.811008	0.565965	0.71987	0.672321
OG0000382	0.678553	8.77056e-06	0.192721	0.907804	0.324461	0.508431	0.524661	0.632599	0.639489	N/A	0.891247	0.725772	0.76616	0.830777	0.257909	0.71987	0.672321
OG0000383	0.010407	0.00748284	0.192721	0.898761	0.545969	0.505644	0.516649	0.595366	0.0562526	N/A	0.0262571	0.746081	0.457612	0.541934	0.0498814	0.66873	0.627401
OG0000385	0.24309	0.000394711	0.104309	0.745766	0.269682	0.508431	0.524661	0.632599	0.639489	N/A	0.138634	0.164579	0.785706	0.84587	0.257909	0.71987	0.672321
OG0000386	0.604459	2.31027e-05	0.689543	0.898761	0.903519	0.513933	0.0211511	0.69164	0.699999	N/A	0.392297	0.702023	0.742332	0.811008	0.728433	0.786152	0.737688
OG0000387	0.181009	0.691192	0.883178	0.886887	0.0464776	0.524661	0.0379811	0.400298	0.209262	N/A	0.319913	0.674119	0.713008	0.784352	0.0575445	0.342972	0.797704
OG0000388	0.543686	5.69295e-15	0.59529	0.831963	0.542718	0.505644	0.516649	0.595366	0.600783	N/A	0.319913	0.674119	0.32932	0.38271	0.517515	0.66873	0.627401
OG0000391	0.24309	0.00018397	0.0046363	0.907804	0.583365	0.505644	0.516649	0.595366	0.600783	N/A	0.138634	0.164579	0.785706	0.574728	0.125549	0.66873	0.627401
OG0000392	0.181009	0.0187392	0.756115	0.510585	0.0972765	0.505644	0.00846628	0.551606	0.554812	N/A	0.0409422	0.164579	0.242882	0.390086	0.125549	0.66873	0.191481
OG0000393	0.646993	3.30771e-06	0.738766	0.560664	0.231825	0.505644	0.00846628	0.595366	0.151346	N/A	0.447952	0.164579	0.785706	0.574728	0.125549	0.66873	0.627401
OG0000400	0.296035	0.922799	0.0547856	0.0944708	0.637484	0.511194	0.0488488	0.104544	0.000576271	N/A	0.447952	0.164579	0.242882	0.857712	0.602839	0.757681	0.708429
OG0000401	0.646993	2.68777e-09	0.300964	0.195121	0.343187	0.508431	0.524661	0.632599	0.00581836	N/A	0.879708	0.702023	0.379435	0.784352	0.565965	0.71987	0.672321
OG0000402	0.879708	0.0197259	0.689543	0.0385255	0.00537277	0.5	0.5	0.5	0.5	N/A	0.646993	0.674119	0.148441	5.69096e-06	0.0206421	0.5	0.5
OG0000403	0.181009	5.97385e-12	0.300964	0.886887	0.67785	0.508431	0.524661	0.632599	0.00581836	N/A	0.319913	0.674119	0.713008	0.784352	0.895959	0.71987	0.672321
OG0000404	1.1313e-08	0.192901	0.505389	0.0285597	0.17655	0.5	0.5	0.5	0.5	N/A	7.05337e-11	0.602119	0.630968	0.694462	0.195987	0.5	0.5
OG0000405	0.863342	0.241118	0.883178	0.660908	0.343187	0.0331132	0.00303838	0.752912	0.761489	N/A	0.863342	0.674119	0.713008	0.784352	0.0575445	0.83873	0.797704
OG0000407	0.450171	5.69295e-15	0.65125	0.867534	0.874523	0.502834	0.508431	0.551606	0.554812	N/A	0.225577	0.0852364	0.713008	0.449699	0.295294	0.598363	0.571092
OG0000408	0.450171	5.54307e-18	0.505389	0.831963	0.542718	0.502834	0.00423313	0.551606	0.0814229	N/A	0.225577	0.641178	0.26933	0.694462	0.295294	0.598363	0.571092
OG0000416	0.450171	1.21588e-16	0.59529	0.60636	0.874523	0.502834	0.508431	0.551606	0.554812	N/A	0.225577	0.641178	0.67659	0.747343	0.295294	0.598363	0.571092
OG0000418	0.543686	1.05026e-09	0.65125	0.886887	0.495651	0.00846676	0.516649	0.632599	0.639489	N/A	0.094592	0.702023	0.379435	0.784352	0.565965	0.337984	0.672321
OG0000419	0.181009	1.58264e-10	0.300964	0.660908	0.495651	0.505644	0.516649	0.595366	0.600783	N/A	0.319913	0.112659	0.379435	0.784352	0.517515	0.66873	0.627401
OG0000420	0.450171	4.34837e-17	0.505389	0.831963	0.845331	0.502834	0.508431	0.551606	0.554812	N/A	0.225577	0.641178	0.26933	0.694462	0.295294	0.598363	0.571092
OG0000425	0.450171	4.34837e-17	0.825302	0.831963	0.17655	0.502834	0.508431	0.551606	0.554812	N/A	0.225577	0.641178	0.26933	0.694462	0.295294	0.598363	0.571092
OG0000426	0.181009	3.74456e-06	0.402504	0.592278	0.364392	0.505644	0.516649	0.551606	0.554812	N/A	0.094592	0.13915	0.76616	0.322017	0.213122	0.66873	0.191481
OG0000427	0.604459	5.97385e-12	0.231628	0.392817	0.874523	0.505644	0.516649	0.595366	0.600783	N/A	0.863342	0.674119	0.32932	0.747343	0.517515	0.66873	0.627401
OG0000429	0.296035	3.82492e-05	0.580756	0.20496	0.73991	0.508431	0.000112168	0.632599	0.211668	N/A	0.447952	0.164579	0.785706	0.574728	0.257909	0.71987	0.672321
OG0000430	0.604459	3.98196e-06	0.59529	0.831963	0.542718	0.508431	0.524661	0.295946	1.36296e-09	N/A	0.863342	0.674119	0.32932	0.38271	0.693654	0.403476	0.143916
OG0000431	0.543686	4.08558e-10	0.896491	0.886887	0.891432	0.505644	0.516649	0.595366	0.151346	N/A	0.319913	0.112659	0.742332	0.501267	0.517515	0.66873	0.627401
OG0000434	0.000294725	0.0197259	3.81916e-09	0.353307	0.37685	0.5	0.5	0.5	0.5	N/A	2.77463e-05	0.674119	0.713008	0.00699592	0.0206421	0.5	0.5
OG0000439	0.543686	4.37058e-08	0.154236	0.697385	0.0755977	0.505644	0.0249747	0.595366	0.151346	N/A	0.319913	0.112659	0.742332	0.811008	0.517515	0.66873	0.627401
OG0000440	0.604459	1.58264e-10	0.507439	0.314403	0.891432	0.502834	0.508431	0.551606	0.554812	N/A	0.392297	0.702023	0.742332	0.501267	0.0592893	0.598363	0.571092
OG0000441	0.0131811	0.348147	0.548443	0.0366017	0.713627	0.00846676	0.516649	0.201047	0.016852	N/A	0.0210903	0.725772	0.76616	0.541934	0.257909	0.337984	0.672321
OG0000442	0.646993	0.0114965	0.71722	0.560664	0.912459	0.0126523	0.0126979	0.664391	0.111045	N/A	0.447952	0.725772	0.76616	0.830777	0.602839	0.403476	0.708429
OG0000444	0.646993	9.68153e-06	0.35697	0.898761	0.121141	0.508431	0.524661	0.632599	0.211668	N/A	0.879708	0.702023	0.742332	0.811008	0.565965	0.71987	0.672321
OG0000446	0.319913	0.192901	0.147631	0.0398439	7.86595e-15	0.505644	1.19849e-06	0.595366	0.600783	N/A	0.543686	0.602119	0.630968	0.123317	0.56085	0.66873	0.627401
OG0000447	0.879708	0.241118	0.505389	0.156653	0.845331	0.527286	0.57542	0.0355044	0.0868519	N/A	0.646993	0.674119	0.0198282	0.694462	0.0575445	0.106671	0.797704
OG0000450	0.450171	0.877677	0.0177603	0.000875697	2.06455e-12	0.5	0.5	0.5	0.5	N/A	0.793348	0.0570902	0.0294512	0.280834	0.195987	0.5	0.5
OG0000453	0.543686	3.00142e-10	0.300964	0.660908	0.67785	0.505644	0.0249747	0.595366	0.0562526	N/A	0.319913	0.674119	0.713008	0.784352	0.517515	0.66873	0.627401
OG0000459	0.181009	0.726146	0.183059	0.054535	0.177306	0.5	0.5	0.5	0.5	N/A	0.319913	0.112659	0.00828848	0.0729293	0.0206421	0.5	0.5
OG0000460	0.320827	0.0330894	0.905602	0.898761	0.713627	0.0126523	0.0126979	0.632599	0.639489	N/A	0.228616	0.725772	0.76616	0.541934	0.257909	0.71987	0.672321
OG0000461	0.450171	1.13729e-13	0.59529	0.60636	0.626356	0.502834	0.508431	0.551606	0.554812	N/A	0.225577	0.0852364	0.32932	0.747343	0.295294	0.598363	0.571092
OG0000462	0.450171	1.33616e-17	0.741198	0.74981	0.768207	0.502834	0.00423313	0.551606	0.554812	N/A	0.793348	0.602119	0.19687	0.616827	0.851985	0.598363	0.571092
OG0000463	0.543686	2.63874e-15	0.825302	0.831963	0.542718	0.502834	0.508431	0.551606	0.554812	N/A	0.837896	0.641178	0.26933	0.694462	0.295294	0.598363	0.571092
OG0000465	0.450171	0.00547028	0.231628	0.60636	0.422241	0.519342	0.0295821	0.198113	0.761489	N/A	0.225577	0.641178	0.67659	0.747343	0.0298375	0.825096	0.236243
OG0000470	0.543686	0.639754	0.0660652	2.73869e-05	0.177306	0.5	0.5	0.5	0.5	N/A	0.837896	0.641178	0.112959	1.4001e-05	0.0616687	0.5	0.5
OG0000471	0.181009	0.000394711	0.0080812	0.0293496	0.0589948	0.5	0.5	0.5	0.5	N/A	0.094592	0.0428603	0.785706	0.84587	0.00710455	0.5	0.5
OG0000472	0.450171	1.33616e-17	0.741198	0.74981	0.768207	0.502834	0.508431	0.551606	0.554812	N/A	0.793348	0.602119	0.19687	0.616827	0.851985	0.598363	0.571092
OG0000473	1.73765e-05	0.877677	0.505389	0.831963	0.17655	0.505644	0.516649	0.595366	0.600783	N/A	7.89482e-07	0.266963	0.26933	0.694462	0.517515	0.66873	0.627401
OG0000474	0.450171	4.34837e-17	0.505389	0.831963	0.845331	0.5	0.5	0.5	0.5	N/A	0.793348	0.0570902	0.26933	0.694462	0.195987	0.5	0.5
OG0000475	8.07996e-08	0.395092	0.741198	0.5	0.5	0.502834	0.508431	0.5	0.5	N/A	7.05337e-11	0.153358	0.573344	0.17136	0.851985	0.598363	0.105275
OG0000476	0.70406	0.395092	0.741198	4.39139e-21	0.0503078	0.5	0.5	0.5	0.5	N/A	0.70406	0.555608	0.573344	0.00764064	0.398428	0.5	0.5
OG0000478	0.604459	2.31027e-05	0.507439	0.314403	0.67785	0.508431	0.0126979	0.632599	0.639489	N/A	0.392297	0.702023	0.742332	0.501267	0.565965	0.71987	0.672321
OG0000480	0.604459	3.74456e-06	0.905602	0.907804	0.442703	0.502834	0.508431	0.551606	0.554812	N/A	0.392297	0.13915	0.76616	0.830777	0.0592893	0.598363	0.571092
OG0000482	0.879708	4.01675e-06	0.65125	0.886887	0.891432	0.508431	0.524661	0.0790078	0.211668	N/A	0.879708	0.702023	0.379435	0.784352	0.565965	0.71987	0.672321
OG0000486	0.837896	2.03919e-14	0.147631	0.831963	0.542718	0.502834	0.00423313	0.551606	0.554812	N/A	0.837896	0.641178	0.26933	0.694462	0.295294	0.598363	0.571092
OG0000487	0.450171	7.34079e-15	0.505389	0.831963	0.845331	0.502834	0.508431	0.551606	0.554812	N/A	0.225577	0.641178	0.26933	0.694462	0.295294	0.598363	0.571092
OG0000491	0.891247	0.000127097	0.231628	0.60636	0.874523	0.513933	0.0603909	0.69164	0.30947	N/A	0.678553	0.702023	0.0302286	0.747343	0.728433	0.786152	0.737688
OG0000495	0.450171	1.09305e-16	0.741198	0.74981	0.768207	0.502834	0.508431	0.551606	0.554812	N/A	0.793348	0.602119	0.19687	0.616827	0.851985	0.598363	0.571092
OG0000498	0.450171	8.91737e-16	0.505389	0.831963	0.845331	0.502834	0.508431	0.551606	0.554812	N/A	0.793348	0.602119	0.630968	0.694462	0.851985	0.598363	0.571092
OG0000501	0.181009	1.6514e-06	0.689543	0.520419	0.545969	0.508431	0.524661	0.595366	0.600783	N/A	0.094592	0.702023	0.742332	0.811008	0.565965	0.71987	0.262648
OG0000502	0.604459	1.42353e-08	0.300964	0.660908	0.67785	0.505644	0.516649	0.595366	0.600783	N/A	0.863342	0.674119	0.713008	0.784352	0.517515	0.66873	0.627401
OG0000504	0.491615	0.418094	0.154236	0.898761	0.0144647	0.0168064	0.0169267	0.00947853	0.0284837	N/A	0.678553	0.702023	0.742332	0.811008	0.908011	0.757681	0.708429
OG0000505	0.450171	1.19471e-12	0.231628	0.867534	0.269995	0.505644	0.516649	0.595366	0.600783	N/A	0.225577	0.641178	0.67659	0.747343	0.878313	0.66873	0.627401
OG0000506	0.879708	2.22736e-12	0.231628	0.831963	0.542718	0.502834	0.508431	0.551606	0.0814229	N/A	0.646993	0.674119	0.32932	0.38271	0.162503	0.598363	0.571092
OG0000507	0.793348	0.558951	0.5	0.5	0.5	0.0170177	0.134427	0.0139312	0.00679114	N/A	0.793348	0.602119	0.00433858	0.5	0.00102559	0.0627129	0.811466
OG0000511	0.543686	6.00737e-05	0.65125	0.886887	0.0464776	0.508431	0.524661	0.0790078	0.639489	N/A	0.319913	0.674119	0.713008	0.784352	0.895959	0.71987	0.672321
OG0000512	0.181009	4.37058e-08	0.689543	0.697385	0.713627	0.502834	0.508431	0.551606	0.554812	N/A	0.319913	0.112659	0.742332	0.811008	0.162503	0.598363	0.571092
OG0000513	0.181009	5.45896e-09	0.883178	0.886887	0.891432	0.505644	0.516649	0.595366	0.600783	N/A	0.319913	0.674119	0.713008	0.784352	0.517515	0.66873	0.627401
OG0000518	0.863342	0.15927	0.453391	0.0603245	0.39877	0.511194	0.532472	1.68378e-05	0.263947	N/A	0.863342	0.674119	0.713008	0.234094	0.693654	0.757681	0.708429
OG0000529	0.793348	2.0659e-14	0.505389	0.831963	0.542718	0.502834	0.00423313	0.551606	0.554812	N/A	0.793348	0.602119	0.630968	0.694462	0.851985	0.598363	0.571092
OG0000531	0.543686	4.01675e-06	0.689543	0.697385	0.903519	0.505644	0.516649	0.595366	0.600783	N/A	0.319913	0.112659	0.742332	0.811008	0.517515	0.66873	0.627401
OG0000532	0.891247	3.74456e-06	0.507439	0.243711	0.874523	0.00846676	0.516649	0.143192	0.600783	N/A	0.891247	0.725772	0.42168	0.144798	0.125549	0.66873	0.627401
OG0000533	0.793348	0.192901	0.147631	1.49062e-08	0.53496	0.5	0.5	0.5	0.5	N/A	0.793348	0.602119	0.630968	1.45775e-06	0.195987	0.5	0.5
OG0000534	0.604459	9.68153e-06	0.896491	0.248582	0.189245	0.505644	0.516649	0.595366	0.151346	N/A	0.392297	0.702023	0.742332	0.811008	0.213122	0.66873	0.627401
OG0000538	0.604459	2.44853e-07	0.300964	0.467052	0.343187	0.505644	0.000178001	0.595366	0.600783	N/A	0.863342	0.674119	0.713008	0.784352	0.517515	0.66873	0.627401
OG0000539	0.450171	0.851908	0.505389	0.831963	0.845331	0.0184332	0.594602	0.715086	0.0237524	N/A	0.793348	0.602119	0.630968	0.694462	0.00677328	0.000367756	0.449661
OG0000541	0.863342	4.26099e-11	0.231628	0.60636	0.874523	0.502834	0.508431	0.551606	0.554812	N/A	0.863342	0.674119	0.32932	0.747343	0.162503	0.598363	0.571092
OG0000548	0.450171	1.85137e-10	0.59529	0.867534	0.626356	0.505644	0.516649	0.595366	0.151346	N/A	0.225577	0.641178	0.67659	0.747343	0.878313	0.66873	0.627401
OG0000552	0.450171	0.10269	0.231628	0.60636	0.422241	0.524661	0.0379811	0.0017662	0.162327	N/A	0.225577	0.641178	0.67659	0.747343	0.105522	0.0275716	0.761598
OG0000553	0.450171	1.33179e-06	0.59529	0.60636	0.422241	0.511194	0.532472	0.251597	0.111045	N/A	0.225577	0.641178	0.67659	0.747343	0.44991	0.757681	0.708429
OG0000554	0.837896	3.69842e-09	0.59529	0.243711	0.154627	0.505644	0.516649	0.595366	0.600783	N/A	0.837896	0.641178	0.67659	0.747343	0.878313	0.66873	0.627401
OG0000555	0.0854207	0.136845	0.35697	0.165091	0.0144647	0.505644	0.00846628	0.551606	0.554812	N/A	0.201814	0.702023	0.742332	0.811008	0.213122	0.66873	0.191481
OG0000556	0.181009	9.68153e-06	0.507439	0.314403	0.891432	0.0126523	0.524661	0.632599	0.639489	N/A	0.094592	0.702023	0.742332	0.501267	0.565965	0.71987	0.672321
OG0000557	0.863342	2.44853e-07	0.300964	0.467052	0.343187	0.505644	0.516649	0.595366	0.600783	N/A	0.863342	0.674119	0.713008	0.784352	0.517515	0.66873	0.627401
OG0000558	0.543686	9.53784e-08	0.300964	0.314403	0.220217	0.505644	0.516649	0.595366	0.600783	N/A	0.319913	0.674119	0.713008	0.784352	0.517515	0.66873	0.627401
OG0000562	0.450171	5.87912e-14	0.505389	0.831963	0.542718	0.502834	0.508431	0.551606	0.0281117	N/A	0.793348	0.602119	0.630968	0.694462	0.851985	0.598363	0.571092
OG0000564	0.181009	9.53784e-08	0.65125	0.886887	0.67785	0.505644	0.516649	0.595366	0.600783	N/A	0.319913	0.674119	0.713008	0.784352	0.517515	0.66873	0.627401
OG0000566	0.450171	0.10269	0.231628	1.26553e-10	0.231825	0.5	0.5	0.5	0.5	N/A	0.225577	0.641178	0.67659	0.00843124	0.0616687	0.5	0.5
OG0000567	0.604459	0.00147195	0.235616	0.898761	0.903519	0.0126523	0.524661	0.201047	0.639489	N/A	0.392297	0.702023	0.742332	0.811008	0.565965	0.71987	0.672321
OG0000568	0.837896	0.639754	0.862591	0.517502	0.542718	0.524661	9.19247e-05	0.69164	0.699999	N/A	0.837896	0.641178	0.67659	0.38271	0.105522	0.0275716	0.413721
OG0000569	0.543686	3.98196e-06	0.65125	0.195121	0.343187	0.505644	0.00846628	0.595366	0.0562526	N/A	0.319913	0.674119	0.713008	0.784352	0.517515	0.66873	0.627401
OG0000570	0.543686	2.44853e-07	0.300964	0.886887	0.495651	0.505644	0.516649	0.595366	0.600783	N/A	0.319913	0.674119	0.713008	0.784352	0.517515	0.66873	0.627401
OG0000571	0.543686	3.69434e-08	0.300964	0.314403	0.0860172	0.502834	0.508431	0.551606	0.0281117	N/A	0.319913	0.674119	0.713008	0.784352	0.162503	0.598363	0.571092
OG0000572	0.450171	7.25294e-15	0.741198	0.74981	0.768207	0.502834	0.508431	0.551606	0.554812	N/A	0.793348	0.602119	0.19687	0.616827	0.851985	0.598363	0.571092
OG0000575	0.863342	0.241118	0.862591	0.353307	0.37685	0.0156015	0.124532	0.153213	2.24586e-08	N/A	0.863342	0.674119	0.32932	0.030759	0.245092	0.000692219	0.761598
OG0000579	0.604459	3.98196e-06	0.65125	0.314403	0.220217	0.505644	0.516649	0.595366	0.600783	N/A	0.863342	0.674119	0.713008	0.784352	0.517515	0.66873	0.627401
OG0000580	0.837896	5.03856e-10	0.231628	0.392817	0.874523	0.502834	0.00423313	0.551606	0.554812	N/A	0.837896	0.641178	0.67659	0.747343	0.295294	0.598363	0.571092
OG0000583	0.24309	0.00147195	0.689543	0.370805	0.121141	0.505644	0.516649	0.201047	0.0839965	N/A	0.392297	0.702023	0.742332	0.811008	0.565965	0.337984	0.672321
OG0000585	0.181009	0.418094	0.896491	0.745766	0.0141957	0.508431	0.524661	0.551606	0.554812	N/A	0.319913	0.112659	0.742332	0.0733926	0.517515	0.102951	0.191481
OG0000586	0.543686	3.69434e-08	0.65125	0.660908	0.67785	0.502834	0.508431	0.551606	0.554812	N/A	0.319913	0.674119	0.713008	0.784352	0.162503	0.598363	0.571092
OG0000591	0.543686	2.67764e-08	0.862591	0.867534	0.874523	0.505644	0.00846628	0.595366	0.600783	N/A	0.837896	0.641178	0.67659	0.747343	0.878313	0.66873	0.627401
OG0000593	0.450171	1.36725e-09	0.127435	0.831963	0.17655	0.505644	0.516649	0.595366	0.600783	N/A	0.225577	0.641178	0.67659	0.38271	0.878313	0.66873	0.627401
OG0000594	0.447952	3.69434e-08	0.59529	0.60636	0.626356	0.502834	0.508431	0.551606	0.554812	N/A	0.646993	0.674119	0.32932	0.747343	0.162503	0.598363	0.571092
OG0000595	0.450171	5.87912e-14	0.505389	0.831963	0.542718	0.502834	0.508431	0.551606	0.554812	N/A	0.793348	0.602119	0.630968	0.694462	0.851985	0.598363	0.571092
OG0000597	0.450171	2.54419e-15	0.505389	0.831963	0.845331	0.5	0.5	0.5	0.5	N/A	0.793348	0.602119	0.630968	0.694462	0.195987	0.5	0.5
OG0000600	0.491615	4.01675e-06	0.896491	0.314403	0.495651	0.5	0.5	0.076707	0.554812	N/A	0.678553	0.702023	0.742332	0.501267	0.0592893	0.144854	0.571092
OG0000602	0.543686	2.44853e-07	0.65125	0.314403	0.67785	0.505644	0.516649	0.595366	0.600783	N/A	0.319913	0.674119	0.713008	0.784352	0.517515	0.66873	0.627401
OG0000603	0.70406	0.395092	0.342119	0.353307	0.0457355	0.0141848	0.00159144	0.400298	0.012247	N/A	0.70406	0.555608	0.573344	0.616827	0.000255962	0.106671	0.797704
OG0000605	0.138634	0.395092	0.342119	0.156653	3.12781e-16	0.5	0.5	0.5	0.5	N/A	0.0402293	0.555608	0.573344	0.0613272	0.398428	0.5	0.5
OG0000608	0.70406	0.395092	0.342119	1.56503e-13	0.903519	0.5	0.5	0.5	0.5	N/A	0.70406	0.555608	0.573344	0.0001186	0.398428	0.5	0.5
OG0000609	0.543686	0.895239	0.300964	0.0616065	0.0778778	0.505644	0.516649	0.595366	0.151346	N/A	0.319913	0.674119	0.713008	0.00250619	0.517515	0.66873	0.627401
OG0000611	0.543686	0.241118	0.65125	0.195121	0.495651	0.513933	0.0211511	0.104544	0.0107595	N/A	0.319913	0.674119	0.713008	0.784352	0.693654	0.198164	0.708429
OG0000613	0.543686	6.00737e-05	0.65125	0.467052	0.891432	0.508431	0.0370457	0.632599	0.639489	N/A	0.319913	0.674119	0.713008	0.784352	0.895959	0.71987	0.672321
OG0000615	0.793348	9.04269e-12	0.505389	0.831963	0.845331	0.502834	0.508431	0.551606	0.0814229	N/A	0.225577	0.641178	0.26933	0.694462	0.295294	0.598363	0.571092
OG0000616	0.837896	2.47977e-11	0.505389	0.517502	0.542718	0.502834	0.00423313	0.551606	0.554812	N/A	0.837896	0.641178	0.26933	0.694462	0.295294	0.598363	0.571092
OG0000626	0.450171	1.67147e-13	0.505389	0.831963	0.542718	0.502834	0.508431	0.551606	0.554812	N/A	0.793348	0.602119	0.630968	0.694462	0.851985	0.598363	0.571092
OG0000627	0.837896	7.16207e-08	0.59529	0.60636	0.422241	0.505644	0.516649	0.595366	0.600783	N/A	0.837896	0.641178	0.67659	0.747343	0.878313	0.66873	0.627401
OG0000631	0.450171	1.67147e-13	0.505389	0.831963	0.542718	0.502834	0.508431	0.551606	0.554812	N/A	0.793348	0.602119	0.630968	0.694462	0.851985	0.598363	0.571092
OG0000634	0.181952	0.782758	0.5	0.5	0.5	0.524661	0.00381492	0.00280654	0.186359	N/A	0.296035	0.0060046	0.108563	0.5	0.0298375	0.0888746	0.781309
OG0000637	0.0854207	7.92426e-10	0.342119	0.5	0.5	0.5	0.5	0.5	0.5	N/A	0.0538704	0.674119	0.00151554	0.17136	0.0206421	0.5	0.5
OG0000642	0.863342	3.98196e-06	0.65125	0.886887	0.220217	0.502834	0.508431	0.551606	0.554812	N/A	0.863342	0.674119	0.713008	0.784352	0.162503	0.598363	0.571092
OG0000647	0.70406	4.74727e-13	0.741198	0.74981	0.768207	0.502834	0.508431	0.0264313	0.554812	N/A	0.109195	0.602119	0.19687	0.616827	0.851985	0.598363	0.571092
OG0000654	0.450171	1.67147e-13	0.741198	0.74981	0.768207	0.502834	0.508431	0.551606	0.554812	N/A	0.793348	0.602119	0.19687	0.616827	0.851985	0.598363	0.571092
OG0000656	0.543686	1.33179e-06	0.147631	0.156653	0.311123	6.19781e-07	0.0603909	0.632599	0.00581836	N/A	0.837896	0.641178	0.26933	0.694462	0.44991	0.198164	0.32189
OG0000662	0.450171	3.81662e-12	0.505389	0.831963	0.845331	0.502834	0.508431	0.551606	0.554812	N/A	0.793348	0.602119	0.630968	0.694462	0.851985	0.598363	0.571092
OG0000665	0.543686	0.691192	0.65125	0.195121	0.891432	0.505644	0.516649	0.715086	0.00052941	N/A	0.319913	0.674119	0.713008	0.784352	0.693654	0.0364812	0.045783
OG0000668	0.543686	9.93352e-06	0.883178	0.467052	0.0153089	0.505644	0.516649	0.0528854	0.600783	N/A	0.319913	0.674119	0.713008	0.784352	0.517515	0.66873	0.627401
OG0000669	0.450171	1.85137e-10	0.231628	0.867534	0.874523	0.502834	0.508431	0.551606	0.554812	N/A	0.225577	0.641178	0.67659	0.747343	0.295294	0.598363	0.571092
OG0000670	0.837896	6.78424e-11	0.505389	0.517502	0.845331	0.502834	0.508431	0.551606	0.0814229	N/A	0.837896	0.641178	0.26933	0.694462	0.295294	0.598363	0.571092
OG0000672	0.181009	3.98196e-06	0.883178	0.314403	0.220217	0.505644	0.0249747	0.595366	0.151346	N/A	0.319913	0.674119	0.713008	0.784352	0.517515	0.66873	0.627401
OG0000674	0.491615	0.00669299	0.000113871	0.0186188	0.0700499	0.5	0.5	0.5	0.5	N/A	0.678553	0.702023	0.182006	0.830777	0.00710455	0.5	0.5
OG0000677	0.543686	3.98196e-06	0.300964	0.886887	0.67785	0.505644	0.516649	0.595366	0.600783	N/A	0.319913	0.674119	0.713008	0.784352	0.517515	0.66873	0.627401
OG0000679	0.543686	1.5831e-06	0.300964	0.886887	0.495651	0.505644	0.0249747	0.595366	0.151346	N/A	0.319913	0.674119	0.713008	0.784352	0.517515	0.66873	0.627401
OG0000680	0.70406	0.395092	0.342119	0.724616	7.90043e-10	0.5	0.5	0.5	0.5	N/A	0.70406	0.555608	0.573344	1.47761e-05	0.398428	0.5	0.5
OG0000681	0.450171	1.34683e-12	0.505389	0.831963	0.542718	0.502834	0.508431	0.551606	0.554812	N/A	0.793348	0.602119	0.630968	0.694462	0.851985	0.598363	0.571092
OG0000682	0.793348	1.67147e-13	0.505389	0.831963	0.845331	0.5	0.5	0.5	0.5	N/A	0.793348	0.602119	0.630968	0.694462	0.195987	0.5	0.5
OG0000683	0.543686	2.4554e-05	0.300964	0.660908	0.67785	0.505644	0.00846628	0.595366	0.600783	N/A	0.319913	0.674119	0.713008	0.784352	0.517515	0.66873	0.627401
OG0000688	0.450171	0.445583	0.59529	4.94998e-07	0.583365	0.502834	0.508431	0.551606	0.554812	N/A	0.225577	0.641178	0.67659	0.00843124	0.295294	0.598363	0.571092
OG0000689	0.450171	0.445583	0.862591	0.867534	0.626356	0.522013	0.00303838	0.632599	0.639489	N/A	0.225577	0.641178	0.67659	0.747343	0.44991	0.00132723	0.32189
OG0000690	0.879708	5.45896e-09	0.505389	0.831963	0.17655	0.502834	0.508431	0.551606	0.554812	N/A	0.646993	0.674119	0.0198282	0.694462	0.162503	0.598363	0.571092
OG0000691	0.543686	0.000145287	0.300964	0.886887	0.00723753	0.00846676	0.516649	0.595366	0.151346	N/A	0.319913	0.674119	0.713008	0.784352	0.517515	0.66873	0.627401
OG0000698	0.450171	5.03856e-10	0.231628	0.00272454	0.0503078	0.5	0.5	0.5	0.5	N/A	0.793348	0.0570902	0.67659	0.747343	0.195987	0.5	0.5
OG0000701	0.863342	6.24708e-07	0.300964	0.660908	0.343187	0.502834	0.508431	0.551606	0.554812	N/A	0.863342	0.674119	0.713008	0.784352	0.162503	0.598363	0.571092
OG0000704	0.450171	0.558951	0.27358	0.831963	0.542718	0.516649	0.00172802	0.715086	0.0562055	N/A	0.793348	0.602119	0.630968	0.694462	0.0169599	0.808001	0.761598
OG0000710	0.450171	3.0531e-11	0.505389	0.831963	0.845331	0.502834	0.00423313	0.551606	0.554812	N/A	0.793348	0.602119	0.630968	0.694462	0.851985	0.598363	0.571092
OG0000716	0.543686	1.90715e-07	0.59529	0.60636	0.874523	0.505644	0.00846628	0.595366	0.600783	N/A	0.837896	0.641178	0.67659	0.747343	0.878313	0.66873	0.627401
OG0000719	0.604459	0.00188484	0.65125	0.467052	0.343187	0.0126523	0.524661	0.0790078	0.639489	N/A	0.863342	0.674119	0.713008	0.784352	0.895959	0.71987	0.672321
OG0000724	0.837896	0.877677	0.0354924	0.60636	0.154627	0.513933	0.0211511	0.0148637	2.85138e-06	N/A	0.837896	0.641178	0.67659	0.747343	0.173781	0.786152	0.737688
OG0000725	0.70406	4.74727e-13	0.741198	0.74981	0.37685	0.502834	0.508431	0.551606	0.554812	N/A	0.109195	0.602119	0.19687	0.616827	0.851985	0.598363	0.571092
OG0000726	0.70406	0.395092	0.342119	0.156653	1.02657e-16	0.5	0.5	0.5	0.5	N/A	0.70406	0.555608	0.573344	0.0613272	0.398428	0.5	0.5
OG0000732	0.863342	0.0597902	0.453391	1.33906e-06	0.912459	0.5	0.5	0.5	0.5	N/A	0.604459	0.641178	0.112959	0.108525	0.0616687	0.5	0.5
OG0000736	0.450171	3.0531e-11	0.505389	0.517502	0.845331	0.502834	0.508431	0.551606	0.0281117	N/A	0.793348	0.602119	0.630968	0.694462	0.851985	0.598363	0.571092
OG0000738	0.181009	6.00737e-05	0.883178	0.660908	0.142392	0.508431	0.524661	0.632599	0.00581836	N/A	0.319913	0.674119	0.713008	0.784352	0.895959	0.71987	0.672321
OG0000740	0.450171	3.0531e-11	0.505389	0.831963	0.845331	0.502834	0.508431	0.551606	0.554812	N/A	0.793348	0.602119	0.630968	0.694462	0.851985	0.598363	0.571092
OG0000741	0.450171	0.639754	0.59529	0.000832949	0.364392	0.502834	0.508431	0.551606	0.554812	N/A	0.225577	0.641178	0.67659	0.00117962	0.295294	0.598363	0.571092
OG0000742	0.110001	0.877677	0.862591	0.517502	0.17655	0.00851375	2.15319e-13	0.153213	0.723697	N/A	0.173036	0.266963	0.67659	0.38271	0.245092	0.808001	0.761598
OG0000743	0.450171	1.08019e-11	0.825302	0.831963	0.17655	0.502834	0.508431	0.551606	0.554812	N/A	0.793348	0.602119	0.630968	0.694462	0.851985	0.598363	0.571092
OG0000747	0.450171	0.192901	0.000292857	0.745766	0.0589948	0.5	0.5	0.5	0.5	N/A	0.793348	0.602119	7.40921e-05	0.322017	0.195987	0.5	0.5
OG0000750	0.543686	5.05352e-07	0.59529	0.867534	0.874523	0.505644	0.516649	0.595366	0.600783	N/A	0.837896	0.641178	0.67659	0.747343	0.878313	0.66873	0.627401
OG0000751	0.450171	7.16207e-08	0.505389	0.517502	0.542718	0.0126523	0.524661	0.632599	0.639489	N/A	0.225577	0.641178	0.26933	0.694462	0.642283	0.71987	0.672321
OG0000753	0.450171	3.0531e-11	0.505389	0.831963	0.542718	0.502834	0.00423313	0.551606	0.554812	N/A	0.793348	0.602119	0.630968	0.694462	0.851985	0.598363	0.571092
OG0000754	0.450171	8.61693e-11	0.505389	0.831963	0.311123	0.502834	0.508431	0.551606	0.554812	N/A	0.793348	0.602119	0.630968	0.694462	0.851985	0.598363	0.571092
OG0000755	0.450171	1.08019e-11	0.505389	0.831963	0.542718	0.502834	0.508431	0.551606	0.554812	N/A	0.793348	0.602119	0.630968	0.694462	0.851985	0.598363	0.571092
OG0000756	0.392297	0.877677	0.231628	0.592278	0.000102566	0.5	0.5	0.5	0.5	N/A	0.604459	0.641178	0.67659	0.00117962	0.0616687	0.5	0.5
OG0000767	0.793348	0.851908	0.505389	0.0754641	0.00888864	0.502834	0.508431	0.076707	0.00158558	N/A	0.793348	0.602119	0.630968	7.12666e-05	0.851985	0.598363	0.571092
OG0000774	0.70406	1.08019e-11	0.741198	0.74981	0.768207	0.502834	0.508431	0.551606	0.554812	N/A	0.109195	0.602119	0.19687	0.616827	0.851985	0.598363	0.571092
OG0000775	0.837896	1.90715e-07	0.231628	0.13577	0.874523	0.502834	0.508431	0.551606	0.554812	N/A	0.837896	0.641178	0.67659	0.747343	0.295294	0.598363	0.571092
OG0000780	0.450171	7.16207e-08	0.59529	0.867534	0.269995	0.505644	0.516649	0.595366	0.151346	N/A	0.225577	0.641178	0.67659	0.747343	0.878313	0.66873	0.627401
OG0000782	0.793348	8.61693e-11	0.147631	0.831963	0.845331	0.502834	0.508431	0.551606	0.554812	N/A	0.793348	0.602119	0.630968	0.694462	0.851985	0.598363	0.571092
OG0000786	0.837896	9.07649e-06	0.147631	0.0780097	0.17655	0.508431	0.0370457	0.0790078	0.639489	N/A	0.837896	0.641178	0.26933	0.694462	0.642283	0.71987	0.672321
OG0000788	0.837896	1.90715e-07	0.825302	0.517502	0.542718	0.505644	0.516649	0.595366	0.600783	N/A	0.837896	0.641178	0.26933	0.694462	0.878313	0.66873	0.627401
OG0000789	0.181009	0.000145287	0.300964	0.660908	0.220217	0.505644	0.516649	0.595366	0.151346	N/A	0.319913	0.674119	0.713008	0.784352	0.517515	0.66873	0.627401
OG0000790	0.793348	3.0531e-11	0.505389	0.831963	0.17655	0.502834	0.508431	0.551606	0.554812	N/A	0.793348	0.602119	0.630968	0.694462	0.851985	0.598363	0.571092
OG0000791	0.450171	3.0531e-11	0.505389	0.831963	0.17655	0.502834	0.00423313	0.551606	0.554812	N/A	0.793348	0.602119	0.630968	0.694462	0.851985	0.598363	0.571092
OG0000799	0.450171	7.16207e-08	0.231628	0.60636	0.422241	0.502834	0.00423313	0.551606	0.554812	N/A	0.225577	0.641178	0.67659	0.747343	0.295294	0.598363	0.571092
OG0000800	0.450171	3.0531e-11	0.147631	0.831963	0.542718	0.502834	0.508431	0.551606	0.554812	N/A	0.793348	0.602119	0.630968	0.694462	0.851985	0.598363	0.571092
OG0000806	0.450171	2.67764e-08	0.59529	0.392817	0.269995	0.502834	0.508431	0.551606	0.554812	N/A	0.225577	0.641178	0.67659	0.747343	0.295294	0.598363	0.571092
OG0000807	0.222236	0.0197259	5.86474e-05	0.102956	0.189245	0.5	0.5	0.5	0.5	N/A	0.340836	0.674119	0.148441	0.811008	0.0206421	0.5	0.5
OG0000809	0.879708	0.0975591	0.300964	0.467052	0.220217	0.508431	0.000112168	0.632599	0.211668	N/A	0.646993	0.674119	0.713008	0.784352	0.895959	0.71987	0.672321
OG0000810	0.70406	1.08019e-11	0.741198	0.74981	0.37685	0.502834	0.508431	0.551606	0.554812	N/A	0.109195	0.602119	0.19687	0.616827	0.851985	0.598363	0.571092
OG0000817	0.450171	0.00015203	0.59529	0.392817	0.626356	4.80394e-05	0.000112168	0.632599	0.211668	N/A	0.225577	0.641178	0.67659	0.747343	0.642283	0.71987	0.672321
OG0000820	0.450171	9.96999e-09	0.862591	0.392817	0.0503078	0.502834	0.508431	0.551606	0.0814229	N/A	0.225577	0.641178	0.67659	0.747343	0.295294	0.598363	0.571092
OG0000824	0.879708	0.000145287	0.65125	0.867534	0.874523	0.505644	0.0249747	0.143192	0.600783	N/A	0.646993	0.674119	0.713008	0.449699	0.517515	0.66873	0.627401
OG0000827	0.793348	0.192901	2.62884e-05	0.0108711	1.22894e-05	0.5	0.5	0.5	0.5	N/A	0.793348	0.602119	0.0136249	0.784352	0.195987	0.5	0.5
OG0000830	0.450171	0.639754	0.231628	0.886887	4.66765e-06	0.00846676	0.516649	0.595366	0.600783	N/A	0.225577	0.641178	0.67659	0.181479	0.878313	0.66873	0.627401
OG0000832	0.70406	8.61693e-11	0.741198	0.74981	0.768207	0.502834	0.508431	0.551606	0.554812	N/A	0.109195	0.602119	0.19687	0.616827	0.851985	0.598363	0.571092
OG0000839	0.450171	1.91813e-09	0.505389	0.831963	0.845331	0.502834	0.508431	0.551606	0.0281117	N/A	0.793348	0.602119	0.630968	0.694462	0.851985	0.598363	0.571092
OG0000841	0.181009	0.136845	0.896491	0.724616	0.324461	0.505644	3.82159e-05	0.143192	0.600783	N/A	0.319913	0.112659	0.742332	0.280834	0.517515	0.66873	0.627401
OG0000842	0.450171	0.0556989	9.02769e-06	0.60636	0.874523	0.502834	0.508431	0.551606	0.554812	N/A	0.225577	0.0852364	0.713008	0.449699	0.295294	0.598363	0.571092
OG0000845	0.450171	8.61693e-11	0.505389	0.831963	0.17655	0.502834	0.508431	0.551606	0.554812	N/A	0.793348	0.602119	0.630968	0.694462	0.851985	0.598363	0.571092
OG0000846	0.450171	7.16207e-08	0.862591	0.867534	0.269995	0.502834	0.508431	0.551606	0.554812	N/A	0.225577	0.641178	0.67659	0.747343	0.295294	0.598363	0.571092
OG0000847	0.450171	3.48859e-06	0.59529	0.392817	0.422241	0.502834	0.00423313	0.551606	0.554812	N/A	0.225577	0.641178	0.67659	0.747343	0.295294	0.598363	0.571092
OG0000848	0.793348	0.395092	0.342119	1.96177e-13	0.269995	0.5	0.5	0.5	0.5	N/A	0.450171	0.555608	0.573344	0.00764064	0.398428	0.5	0.5
OG0000852	0.450171	5.05352e-07	0.59529	0.60636	0.626356	0.505644	0.516649	0.551606	0.554812	N/A	0.225577	0.641178	0.67659	0.747343	0.878313	0.66873	0.191481
OG0000858	0.837896	7.16207e-08	0.505389	0.831963	0.845331	0.502834	0.508431	0.551606	0.554812	N/A	0.837896	0.641178	0.26933	0.694462	0.295294	0.598363	0.571092
OG0000862	0.450171	2.4282e-10	0.505389	0.831963	0.542718	0.502834	0.508431	0.551606	0.554812	N/A	0.793348	0.602119	0.630968	0.694462	0.851985	0.598363	0.571092
OG0000866	0.110001	6.00737e-05	0.147631	0.831963	0.845331	0.502834	0.0126286	0.551606	0.554812	N/A	0.173036	0.674119	0.0198282	0.694462	0.162503	0.598363	0.571092
OG0000867	0.450171	6.83097e-10	0.505389	0.831963	0.17655	0.502834	0.00423313	0.551606	0.0281117	N/A	0.793348	0.602119	0.630968	0.694462	0.851985	0.598363	0.571092
OG0000872	7.02927e-05	0.332537	0.741198	0.353307	0.768207	0.00424941	3.58414e-05	0.5	0.5	N/A	1.83201e-05	0.602119	0.19687	0.616827	0.851985	0.598363	0.105275
OG0000882	0.450171	1.50303e-08	0.825302	0.285273	0.542718	0.502834	0.508431	0.551606	0.0281117	N/A	0.793348	0.602119	0.630968	0.694462	0.851985	0.598363	0.571092
OG0000886	0.450171	0.0289059	0.862591	0.392817	0.422241	0.508431	0.0370457	0.0150001	0.639489	N/A	0.225577	0.641178	0.67659	0.747343	0.642283	0.71987	0.672321
OG0000888	0.450171	6.83097e-10	0.505389	0.831963	0.542718	0.502834	0.508431	0.551606	0.554812	N/A	0.793348	0.602119	0.630968	0.694462	0.851985	0.598363	0.571092
OG0000890	0.450171	3.48859e-06	0.59529	0.392817	0.422241	0.502834	0.508431	0.551606	0.554812	N/A	0.225577	0.641178	0.67659	0.747343	0.295294	0.598363	0.571092
OG0000892	0.879708	0.0975591	0.883178	0.0727267	0.891432	0.502834	3.58414e-05	0.551606	0.554812	N/A	0.646993	0.674119	0.713008	0.784352	0.162503	0.598363	0.571092
OG0000893	0.450171	1.90715e-07	0.59529	0.392817	0.269995	0.502834	0.508431	0.551606	0.554812	N/A	0.225577	0.641178	0.67659	0.747343	0.295294	0.598363	0.571092
OG0000894	0.450171	1.91813e-09	0.505389	0.517502	0.311123	0.502834	0.508431	0.551606	0.554812	N/A	0.793348	0.602119	0.630968	0.694462	0.851985	0.598363	0.571092
OG0000899	0.793348	1.91813e-09	0.147631	0.831963	0.17655	0.505644	0.516649	0.551606	0.554812	N/A	0.793348	0.602119	0.630968	0.694462	0.56085	0.66873	0.191481
OG0000900	0.543686	0.00015203	0.59529	0.392817	0.269995	0.505644	0.00846628	0.0528854	0.600783	N/A	0.837896	0.641178	0.67659	0.747343	0.878313	0.66873	0.627401
OG0000901	0.70406	2.2993e-11	0.741198	0.74981	0.768207	0.502834	0.00423313	0.551606	0.554812	N/A	0.70406	0.555608	0.573344	0.616827	0.78545	0.598363	0.571092
OG0000902	0.837896	2.67764e-08	0.505389	0.831963	0.17655	0.502834	0.508431	0.551606	0.554812	N/A	0.837896	0.641178	0.26933	0.694462	0.295294	0.598363	0.571092
OG0000906	0.450171	4.19255e-08	0.505389	0.831963	0.311123	0.00846676	0.516649	0.143192	0.600783	N/A	0.793348	0.602119	0.630968	0.694462	0.56085	0.66873	0.627401
OG0000907	0.450171	1.90715e-07	0.231628	0.60636	0.422241	0.502834	0.508431	0.551606	0.554812	N/A	0.225577	0.641178	0.67659	0.747343	0.295294	0.598363	0.571092
OG0000908	0.793348	2.4282e-10	0.741198	0.353307	0.768207	0.502834	0.508431	0.551606	0.554812	N/A	0.793348	0.602119	0.19687	0.616827	0.851985	0.598363	0.571092
OG0000914	7.9513e-06	0.395092	0.0362573	0.5	0.5	0.5	0.5	0.5	0.5	N/A	2.22159e-07	0.555608	0.573344	0.17136	0.398428	0.5	0.5
OG0000916	0.0219277	0.0597902	0.231628	0.0204002	0.121141	0.5	0.5	0.5	0.5	N/A	0.0400788	0.641178	0.67659	0.0704133	0.0616687	0.5	0.5
OG0000919	0.450171	6.83097e-10	0.825302	0.74981	0.37685	0.502834	0.508431	0.551606	0.554812	N/A	0.793348	0.602119	0.630968	0.293446	0.851985	0.598363	0.571092
OG0000921	0.491615	0.36271	0.65125	0.467052	0.220217	0.00283829	0.0249747	0.076707	0.554812	N/A	0.340836	0.674119	0.713008	0.784352	0.517515	0.66873	0.191481
OG0000925	0.450171	3.48859e-06	0.231628	0.60636	0.626356	0.505644	0.516649	0.595366	0.151346	N/A	0.225577	0.641178	0.67659	0.747343	0.878313	0.66873	0.627401
OG0000930	0.450171	9.07649e-06	0.127435	0.517502	0.17655	0.505644	0.516649	0.595366	0.600783	N/A	0.225577	0.641178	0.67659	0.38271	0.878313	0.66873	0.627401
OG0000931	0.450171	1.50303e-08	0.505389	0.0780097	0.542718	0.502834	0.508431	0.551606	0.554812	N/A	0.793348	0.602119	0.630968	0.694462	0.851985	0.598363	0.571092
OG0000934	0.450171	6.83097e-10	0.505389	0.831963	0.17655	0.502834	0.508431	0.551606	0.554812	N/A	0.793348	0.602119	0.630968	0.694462	0.851985	0.598363	0.571092
OG0000937	0.543686	0.00015203	0.231628	0.867534	0.874523	0.505644	0.00846628	0.0528854	0.600783	N/A	0.837896	0.641178	0.67659	0.747343	0.878313	0.66873	0.627401
OG0000939	0.450171	6.83097e-10	0.505389	0.831963	0.17655	0.502834	0.508431	0.551606	0.554812	N/A	0.793348	0.602119	0.630968	0.694462	0.851985	0.598363	0.571092
OG0000940	0.450171	1.91813e-09	0.505389	0.831963	0.542718	0.502834	0.508431	0.551606	0.554812	N/A	0.793348	0.602119	0.630968	0.694462	0.851985	0.598363	0.571092
OG0000941	0.450171	1.91813e-09	0.505389	0.517502	0.845331	0.502834	0.508431	0.551606	0.554812	N/A	0.793348	0.602119	0.630968	0.694462	0.851985	0.598363	0.571092
OG0000944	0.793348	4.19255e-08	0.505389	0.517502	0.311123	0.502834	0.00423313	0.551606	0.554812	N/A	0.793348	0.602119	0.630968	0.694462	0.851985	0.598363	0.571092
OG0000951	0.450171	6.83097e-10	0.505389	0.831963	0.17655	0.502834	0.508431	0.551606	0.554812	N/A	0.793348	0.602119	0.630968	0.694462	0.851985	0.598363	0.571092
OG0000954	0.450171	0.851908	0.862591	0.898761	2.83927e-05	0.502834	0.508431	0.551606	0.554812	N/A	0.793348	0.602119	0.0759041	0.0704133	0.851985	0.598363	0.571092
OG0000955	0.70406	0.395092	0.741198	0.74981	0.37685	0.513933	0.0211511	0.752912	0.209262	N/A	0.70406	0.555608	0.573344	0.616827	0.00215121	0.49759	0.086336
OG0000966	0.837896	1.90715e-07	0.59529	0.867534	0.874523	0.5	0.5	0.5	0.5	N/A	0.837896	0.641178	0.67659	0.747343	0.0616687	0.5	0.5
OG0000970	0.450171	5.37529e-09	0.505389	0.831963	0.542718	0.502834	0.508431	0.551606	0.554812	N/A	0.793348	0.602119	0.630968	0.694462	0.851985	0.598363	0.571092
OG0000973	0.793348	1.50303e-08	0.825302	0.517502	0.845331	0.502834	0.508431	0.551606	0.0814229	N/A	0.793348	0.602119	0.630968	0.694462	0.851985	0.598363	0.571092
OG0000981	0.70406	1.97916e-10	0.741198	0.74981	0.768207	0.502834	0.508431	0.551606	0.0281117	N/A	0.70406	0.555608	0.573344	0.616827	0.78545	0.598363	0.571092
OG0000984	0.450171	0.000380912	0.59529	0.867534	0.626356	0.00283829	0.516649	0.595366	0.600783	N/A	0.225577	0.641178	0.67659	0.747343	0.878313	0.66873	0.627401
OG0000988	0.450171	4.19255e-08	0.505389	0.831963	0.311123	0.502834	0.508431	0.551606	0.554812	N/A	0.793348	0.602119	0.630968	0.694462	0.851985	0.598363	0.571092
OG0000989	0.450171	1.90715e-07	0.379069	0.60636	0.626356	0.5	0.5	0.5	0.5	N/A	0.225577	0.641178	0.67659	0.747343	0.0616687	0.5	0.5
OG0000995	0.450171	4.19255e-08	0.505389	0.831963	0.311123	0.502834	0.508431	0.551606	0.554812	N/A	0.793348	0.602119	0.630968	0.694462	0.851985	0.598363	0.571092
OG0000999	0.793348	1.50303e-08	0.741198	0.74981	0.768207	0.502834	0.508431	0.551606	0.0281117	N/A	0.793348	0.602119	0.19687	0.616827	0.851985	0.598363	0.571092
OG0001013	7.9513e-06	0.782758	0.5	0.5	0.5	0.5	0.5	0.5	0.5	N/A	2.22159e-07	0.555608	0.108563	0.5	0.398428	0.5	0.5
OG0001014	0.450171	4.19255e-08	0.505389	0.831963	0.542718	0.502834	0.508431	0.551606	0.0281117	N/A	0.793348	0.602119	0.630968	0.694462	0.851985	0.598363	0.571092
OG0001029	0.70406	0.395092	0.342119	2.00311e-11	0.874523	0.5	0.5	0.5	0.5	N/A	0.70406	0.555608	0.573344	0.00764064	0.398428	0.5	0.5
OG0001035	0.450171	1.16633e-07	0.825302	0.831963	0.845331	0.502834	0.508431	0.551606	0.554812	N/A	0.793348	0.602119	0.630968	0.694462	0.851985	0.598363	0.571092
OG0001039	0.837896	0.0127589	0.59529	0.243711	0.626356	0.00567635	0.0488488	0.595366	0.600783	N/A	0.837896	0.641178	0.67659	0.747343	0.642283	0.152312	0.262648
OG0001040	0.793348	3.0531e-11	0.342119	0.74981	0.37685	0.5	0.5	0.5	0.5	N/A	0.793348	0.602119	0.19687	0.616827	0.195987	0.5	0.5
OG0001043	0.450171	0.558951	0.505389	0.831963	0.542718	0.505644	0.516649	0.715086	7.64331e-06	N/A	0.793348	0.602119	0.630968	0.694462	0.0975569	0.0364812	0.045783
OG0001044	0.543686	0.00229135	0.59529	0.60636	0.874523	0.511194	0.532472	0.632599	0.000206511	N/A	0.837896	0.641178	0.67659	0.747343	0.642283	0.152312	0.672321
OG0001045	0.450171	1.50303e-08	0.505389	0.831963	0.542718	0.502834	0.508431	0.551606	0.554812	N/A	0.793348	0.602119	0.630968	0.694462	0.851985	0.598363	0.571092
OG0001048	0.70406	6.74588e-11	0.342119	0.74981	0.37685	0.502834	0.00423313	0.551606	0.554812	N/A	0.70406	0.555608	0.573344	0.616827	0.78545	0.598363	0.571092
OG0001049	0.837896	0.000380912	0.231628	0.867534	0.874523	0.00283829	0.516649	0.595366	0.151346	N/A	0.837896	0.641178	0.67659	0.747343	0.878313	0.66873	0.627401
OG0001054	0.70406	0.395092	0.342119	0.156653	7.43078e-13	0.5	0.5	0.5	0.5	N/A	0.70406	0.555608	0.573344	0.0613272	0.398428	0.5	0.5
OG0001062	0.450171	0.192901	0.0258684	0.0780097	0.542718	0.513933	0.540087	0.104544	0.0107595	N/A	0.793348	0.602119	0.630968	0.694462	0.0975569	0.198164	0.708429
OG0001070	0.450171	4.19255e-08	0.505389	0.831963	0.542718	0.502834	0.508431	0.551606	0.554812	N/A	0.793348	0.602119	0.630968	0.694462	0.851985	0.598363	0.571092
OG0001074	0.450171	1.33179e-06	0.59529	0.13577	0.874523	0.5	0.5	0.5	0.5	N/A	0.225577	0.641178	0.67659	0.747343	0.0616687	0.5	0.5
OG0001079	0.793348	3.23495e-07	0.505389	0.831963	0.845331	0.502834	0.508431	0.551606	0.554812	N/A	0.793348	0.602119	0.630968	0.694462	0.851985	0.598363	0.571092
OG0001090	0.450171	1.91813e-09	0.505389	0.831963	0.845331	0.5	0.5	0.5	0.5	N/A	0.793348	0.602119	0.630968	0.694462	0.195987	0.5	0.5
OG0001092	0.793348	1.16633e-07	0.505389	0.517502	0.845331	0.502834	0.508431	0.551606	0.554812	N/A	0.793348	0.602119	0.630968	0.694462	0.851985	0.598363	0.571092
OG0001094	0.450171	2.34352e-05	0.127435	0.831963	0.542718	0.502834	0.508431	0.551606	0.554812	N/A	0.225577	0.641178	0.67659	0.38271	0.295294	0.598363	0.571092
OG0001095	0.543686	0.170686	0.59529	0.392817	0.626356	0.0126523	0.000422284	0.201047	0.639489	N/A	0.837896	0.641178	0.67659	0.747343	0.642283	0.71987	0.672321
OG0001097	0.450171	5.99865e-05	0.59529	0.867534	0.422241	0.502834	0.00423313	0.551606	0.0814229	N/A	0.225577	0.641178	0.67659	0.747343	0.295294	0.598363	0.571092
OG0001117	0.793348	1.16633e-07	0.505389	0.831963	0.542718	0.502834	0.508431	0.551606	0.554812	N/A	0.793348	0.602119	0.630968	0.694462	0.851985	0.598363	0.571092
OG0001118	0.450171	4.19255e-08	0.505389	0.831963	0.542718	0.502834	0.508431	0.551606	0.554812	N/A	0.793348	0.602119	0.630968	0.694462	0.851985	0.598363	0.571092
OG0001121	0.837896	0.0597902	0.000589647	0.0108711	0.000523115	0.5	0.5	0.5	0.5	N/A	0.837896	0.641178	0.112959	0.784352	0.0616687	0.5	0.5
OG0001122	0.837896	0.291297	1.12137e-07	0.0398439	0.422241	0.5	0.5	0.5	0.5	N/A	0.837896	0.641178	0.112959	0.449699	0.0616687	0.5	0.5
OG0001129	0.70406	2.67122e-12	0.129235	0.5	0.5	0.5	0.5	0.5	0.5	N/A	0.70406	0.555608	0.573344	0.17136	0.398428	0.5	0.5
OG0001133	0.450171	1.16633e-07	0.505389	0.831963	0.845331	0.502834	0.508431	0.551606	0.0814229	N/A	0.793348	0.602119	0.630968	0.694462	0.851985	0.598363	0.571092
OG0001137	0.450171	0.00229135	0.59529	0.392817	0.422241	0.505644	0.0249747	0.595366	0.151346	N/A	0.225577	0.641178	0.67659	0.747343	0.878313	0.66873	0.627401
OG0001138	7.02927e-05	0.395092	0.342119	0.133784	0.37685	0.5	0.5	0.5	0.5	N/A	9.78393e-07	0.555608	0.573344	0.616827	0.398428	0.5	0.5
OG0001153	0.450171	1.16633e-07	0.147631	0.831963	0.542718	0.502834	0.508431	0.551606	0.0281117	N/A	0.793348	0.602119	0.630968	0.694462	0.851985	0.598363	0.571092
OG0001157	0.450171	0.00645329	0.505389	0.831963	0.311123	0.00567635	0.000221788	0.201047	0.0839965	N/A	0.793348	0.602119	0.630968	0.694462	0.336604	0.152312	0.672321
OG0001158	0.450171	8.94256e-07	0.505389	0.517502	0.845331	0.502834	3.58414e-05	0.551606	0.554812	N/A	0.793348	0.602119	0.630968	0.694462	0.851985	0.598363	0.571092
OG0001165	0.450171	0.00547028	0.59529	0.243711	0.00160308	0.502834	0.508431	0.551606	0.554812	N/A	0.225577	0.641178	0.67659	0.747343	0.295294	0.598363	0.571092
OG0001166	0.837896	3.48859e-06	0.505389	0.517502	0.542718	0.502834	0.508431	0.551606	0.554812	N/A	0.837896	0.641178	0.26933	0.694462	0.295294	0.598363	0.571092
OG0001167	0.450171	3.23495e-07	0.505389	0.517502	0.311123	0.502834	0.508431	0.551606	0.554812	N/A	0.793348	0.602119	0.630968	0.694462	0.851985	0.598363	0.571092
OG0001168	0.450171	1.16633e-07	0.505389	0.831963	0.17655	0.502834	0.00423313	0.551606	0.554812	N/A	0.793348	0.602119	0.630968	0.694462	0.851985	0.598363	0.571092
OG0001170	0.450171	1.16633e-07	0.505389	0.831963	0.17655	0.502834	0.00423313	0.551606	0.554812	N/A	0.793348	0.602119	0.630968	0.694462	0.851985	0.598363	0.571092
OG0001175	0.450171	1.16633e-07	0.505389	0.831963	0.542718	0.502834	0.508431	0.551606	0.554812	N/A	0.793348	0.602119	0.630968	0.694462	0.851985	0.598363	0.571092
OG0001180	0.450171	2.46274e-06	0.825302	0.831963	0.542718	0.00846676	0.516649	0.595366	0.151346	N/A	0.793348	0.602119	0.630968	0.694462	0.56085	0.66873	0.627401
OG0001184	0.70406	0.395092	0.342119	0.156653	6.77792e-12	0.5	0.5	0.5	0.5	N/A	0.70406	0.555608	0.573344	0.0613272	0.398428	0.5	0.5
OG0001185	0.793348	0.192901	0.825302	0.0398439	3.03617e-09	0.5	0.5	0.5	0.5	N/A	0.793348	0.602119	0.630968	0.123317	0.195987	0.5	0.5
OG0001193	0.450171	0.000380912	0.862591	0.60636	0.874523	0.00846676	0.516649	0.143192	0.600783	N/A	0.225577	0.641178	0.67659	0.747343	0.878313	0.66873	0.627401
OG0001217	0.450171	5.37529e-09	0.505389	0.831963	0.542718	0.5	0.5	0.5	0.5	N/A	0.793348	0.602119	0.630968	0.694462	0.195987	0.5	0.5
OG0001224	0.450171	2.46274e-06	0.505389	0.831963	0.311123	0.502834	0.508431	0.551606	0.554812	N/A	0.793348	0.602119	0.630968	0.694462	0.851985	0.598363	0.571092
OG0001231	0.70406	1.7036e-09	0.741198	0.74981	0.37685	0.502834	0.508431	0.551606	0.554812	N/A	0.70406	0.555608	0.573344	0.616827	0.78545	0.598363	0.571092
OG0001233	0.450171	3.23495e-07	0.505389	0.831963	0.542718	0.502834	0.508431	0.551606	0.554812	N/A	0.793348	0.602119	0.630968	0.694462	0.851985	0.598363	0.571092
OG0001234	0.450171	3.23495e-07	0.825302	0.517502	0.542718	0.502834	0.508431	0.551606	0.554812	N/A	0.793348	0.602119	0.630968	0.694462	0.851985	0.598363	0.571092
OG0001245	0.450171	0.000134784	0.825302	0.831963	0.542718	0.505644	0.00846628	0.595366	0.600783	N/A	0.793348	0.602119	0.630968	0.694462	0.56085	0.66873	0.627401
OG0001251	0.793348	2.46274e-06	0.825302	0.156653	0.311123	0.502834	0.508431	0.551606	0.554812	N/A	0.793348	0.602119	0.630968	0.694462	0.851985	0.598363	0.571092
OG0001261	0.450171	8.94256e-07	0.505389	0.831963	0.845331	0.00424941	0.508431	0.551606	0.554812	N/A	0.793348	0.602119	0.630968	0.694462	0.851985	0.598363	0.571092
OG0001262	0.793348	1.16633e-07	0.741198	0.74981	0.37685	0.00424941	0.508431	0.551606	0.554812	N/A	0.793348	0.602119	0.19687	0.616827	0.851985	0.598363	0.571092
OG0001264	0.450171	5.99865e-05	0.59529	0.867534	0.154627	0.5	0.5	0.5	0.5	N/A	0.225577	0.641178	0.67659	0.747343	0.0616687	0.5	0.5
OG0001268	0.450171	5.00038e-05	0.505389	0.831963	0.17655	0.505644	0.00846628	0.595366	0.600783	N/A	0.793348	0.602119	0.630968	0.694462	0.56085	0.66873	0.627401
OG0001269	0.450171	2.46274e-06	0.505389	0.831963	0.845331	0.502834	0.508431	0.551606	0.554812	N/A	0.793348	0.602119	0.630968	0.694462	0.851985	0.598363	0.571092
OG0001271	0.793348	8.94256e-07	0.505389	0.831963	0.17655	0.502834	0.508431	0.551606	0.554812	N/A	0.793348	0.602119	0.630968	0.694462	0.851985	0.598363	0.571092
OG0001275	0.70406	4.30224e-08	0.741198	0.74981	0.768207	0.502834	0.00423313	0.551606	0.554812	N/A	0.70406	0.555608	0.573344	0.616827	0.78545	0.598363	0.571092
OG0001280	0.793348	1.50303e-08	0.505389	0.831963	0.17655	0.5	0.5	0.5	0.5	N/A	0.793348	0.602119	0.630968	0.694462	0.195987	0.5	0.5
OG0001300	0.450171	6.75333e-06	0.505389	0.831963	0.542718	0.502834	0.508431	0.595366	0.600783	N/A	0.793348	0.602119	0.630968	0.694462	0.56085	0.254125	0.627401
OG0001302	0.450171	8.94256e-07	0.505389	0.831963	0.542718	0.502834	0.508431	0.551606	0.554812	N/A	0.793348	0.602119	0.630968	0.694462	0.851985	0.598363	0.571092
OG0001311	0.450171	2.46274e-06	0.505389	0.831963	0.845331	0.502834	0.508431	0.551606	0.554812	N/A	0.793348	0.602119	0.630968	0.694462	0.851985	0.598363	0.571092
OG0001316	0.450171	0.170686	0.59529	0.392817	0.626356	0.508431	0.524661	0.0790078	0.000206511	N/A	0.225577	0.641178	0.67659	0.747343	0.642283	0.71987	0.672321
OG0001320	0.450171	8.94256e-07	0.505389	0.156653	0.311123	0.502834	0.508431	0.551606	0.554812	N/A	0.793348	0.602119	0.630968	0.694462	0.851985	0.598363	0.571092
OG0001344	0.70406	1.4664e-08	0.741198	0.74981	0.37685	0.502834	0.508431	0.551606	0.554812	N/A	0.70406	0.555608	0.573344	0.616827	0.78545	0.598363	0.571092
OG0001349	0.450171	2.46274e-06	0.505389	0.831963	0.542718	0.502834	0.508431	0.551606	0.554812	N/A	0.793348	0.602119	0.630968	0.694462	0.851985	0.598363	0.571092
OG0001352	0.70406	1.26223e-07	0.741198	0.74981	0.768207	0.502834	0.00423313	0.551606	0.554812	N/A	0.70406	0.555608	0.573344	0.616827	0.78545	0.598363	0.571092
OG0001357	0.450171	2.46274e-06	0.505389	0.831963	0.542718	0.502834	0.508431	0.551606	0.554812	N/A	0.793348	0.602119	0.630968	0.694462	0.851985	0.598363	0.571092
OG0001360	0.793348	1.84285e-05	0.505389	0.831963	0.311123	0.502834	0.508431	0.551606	0.0814229	N/A	0.793348	0.602119	0.630968	0.694462	0.851985	0.598363	0.571092
OG0001362	0.450171	2.46274e-06	0.505389	0.831963	0.542718	0.502834	0.508431	0.551606	0.554812	N/A	0.793348	0.602119	0.630968	0.694462	0.851985	0.598363	0.571092
OG0001364	0.450171	2.46274e-06	0.505389	0.831963	0.845331	0.502834	0.0126286	0.551606	0.554812	N/A	0.793348	0.602119	0.630968	0.694462	0.851985	0.598363	0.571092
OG0001366	0.793348	6.75333e-06	0.741198	0.74981	0.768207	0.502834	0.508431	0.551606	0.0281117	N/A	0.793348	0.602119	0.19687	0.616827	0.851985	0.598363	0.571092
OG0001370	0.450171	2.46274e-06	0.505389	0.831963	0.542718	0.502834	0.508431	0.551606	0.554812	N/A	0.793348	0.602119	0.630968	0.694462	0.851985	0.598363	0.571092
OG0001376	0.450171	6.75333e-06	0.505389	0.517502	0.845331	0.502834	0.00423313	0.551606	0.554812	N/A	0.793348	0.602119	0.630968	0.694462	0.851985	0.598363	0.571092
OG0001389	0.837896	3.23495e-07	0.5	0.5	0.5	0.502834	0.508431	0.551606	0.554812	N/A	0.543686	0.602119	0.00433858	0.5	0.851985	0.598363	0.571092
OG0001408	0.450171	0.000360464	0.825302	0.831963	0.845331	0.505644	0.516649	0.595366	0.00220373	N/A	0.793348	0.602119	0.630968	0.694462	0.56085	0.66873	0.627401
OG0001410	0.70406	4.30224e-08	0.741198	0.74981	0.37685	0.502834	0.508431	0.551606	0.554812	N/A	0.70406	0.555608	0.573344	0.616827	0.78545	0.598363	0.571092
OG0001439	0.837896	0.096052	0.505389	0.831963	0.845331	0.505644	1.19849e-06	0.595366	0.600783	N/A	0.543686	0.602119	0.630968	0.694462	0.56085	0.66873	0.627401
OG0001459	0.70406	1.26223e-07	0.741198	0.133784	0.37685	0.502834	0.508431	0.551606	0.554812	N/A	0.70406	0.555608	0.573344	0.616827	0.78545	0.598363	0.571092
OG0001460	0.450171	5.00038e-05	0.825302	0.831963	0.542718	0.502834	0.00423313	0.551606	0.554812	N/A	0.793348	0.602119	0.630968	0.694462	0.851985	0.598363	0.571092
OG0001495	0.837896	1.50303e-08	0.5	0.5	0.5	0.5	0.5	0.5	0.5	N/A	0.543686	0.602119	0.00433858	0.5	0.195987	0.5	0.5
OG0001534	0.70406	1.4664e-08	0.741198	0.74981	0.143314	0.5	0.5	0.5	0.5	N/A	0.70406	0.555608	0.573344	0.616827	0.398428	0.5	0.5
OG0001557	0.450171	2.46274e-06	0.825302	0.831963	0.845331	0.5	0.5	0.5	0.5	N/A	0.793348	0.602119	0.630968	0.694462	0.195987	0.5	0.5
OG0001587	0.319913	5.00038e-05	0.741198	0.5	0.5	0.502834	0.00423313	0.551606	0.554812	N/A	0.543686	0.602119	0.19687	0.17136	0.851985	0.598363	0.571092
OG0001588	0.70406	4.30224e-08	0.741198	0.353307	0.768207	0.502834	0.0126286	0.551606	0.554812	N/A	0.70406	0.555608	0.573344	0.616827	0.78545	0.598363	0.571092
OG0001635	0.450171	0.096052	0.825302	0.0780097	0.542718	0.508431	3.77624e-07	0.201047	0.0839965	N/A	0.793348	0.602119	0.630968	0.694462	0.336604	0.71987	0.672321
OG0001639	0.450171	0.000360464	0.505389	0.831963	0.845331	0.502834	0.00423313	0.551606	0.554812	N/A	0.793348	0.602119	0.630968	0.694462	0.851985	0.598363	0.571092
OG0001660	0.450171	0.000134784	0.505389	0.831963	0.542718	0.502834	0.00423313	0.551606	0.554812	N/A	0.793348	0.602119	0.630968	0.694462	0.851985	0.598363	0.571092
OG0001662	0.450171	2.46274e-06	0.825302	0.831963	0.542718	0.5	0.5	0.5	0.5	N/A	0.793348	0.602119	0.630968	0.694462	0.195987	0.5	0.5
OG0001700	0.450171	0.332537	2.80184e-05	0.353307	0.37685	0.505644	0.516649	0.595366	0.00220373	N/A	0.793348	0.602119	0.630968	0.293446	0.56085	0.66873	0.627401
OG0001702	0.70406	1.08648e-06	0.741198	0.5	0.5	0.502834	3.58414e-05	0.551606	0.554812	N/A	0.70406	0.555608	0.573344	0.17136	0.78545	0.598363	0.571092
OG0001703	0.70406	3.70323e-07	0.129235	0.5	0.5	0.502834	0.508431	0.551606	0.554812	N/A	0.70406	0.555608	0.573344	0.17136	0.78545	0.598363	0.571092
OG0001715	0.70406	5.80663e-10	0.5	0.5	0.5	0.5	0.5	0.5	0.5	N/A	0.70406	0.555608	0.108563	0.5	0.398428	0.5	0.5
OG0001728	0.450171	0.000360464	0.505389	0.831963	0.845331	0.502834	0.508431	0.0264313	0.0814229	N/A	0.793348	0.602119	0.630968	0.694462	0.851985	0.598363	0.571092
OG0001751	0.450171	0.096052	0.505389	0.831963	0.311123	0.00846676	0.00846628	0.595366	0.0562526	N/A	0.793348	0.602119	0.630968	0.694462	0.56085	0.66873	0.627401
OG0001761	0.70406	0.00203293	0.741198	0.74981	0.768207	0.00846676	0.00846628	0.143192	0.000328089	N/A	0.70406	0.555608	0.573344	0.616827	0.15195	0.66873	0.627401
OG0001767	0.793348	0.000954944	0.505389	0.831963	0.17655	0.502834	3.58414e-05	0.551606	0.554812	N/A	0.793348	0.602119	0.630968	0.694462	0.851985	0.598363	0.571092
OG0001772	0.450171	0.639754	0.0168024	0.243711	0.0241891	0.5	0.5	0.551606	0.0814229	N/A	0.225577	0.641178	0.67659	0.747343	0.295294	0.144854	0.571092
OG0001804	0.450171	0.000360464	0.505389	0.831963	0.542718	0.00141914	0.508431	0.551606	0.554812	N/A	0.793348	0.602119	0.630968	0.694462	0.851985	0.598363	0.571092
OG0001814	0.450171	0.000360464	0.505389	0.831963	0.542718	0.00141914	0.508431	0.551606	0.554812	N/A	0.793348	0.602119	0.630968	0.694462	0.851985	0.598363	0.571092
OG0001856	0.70406	1.7036e-09	0.5	0.5	0.5	0.5	0.5	0.5	0.5	N/A	0.70406	0.555608	0.108563	0.5	0.398428	0.5	0.5
OG0001857	0.70406	1.7036e-09	0.5	0.5	0.5	0.5	0.5	0.5	0.5	N/A	0.70406	0.555608	0.108563	0.5	0.398428	0.5	0.5
OG0001896	0.450171	0.332537	0.505389	0.517502	0.00492704	0.502834	0.00423313	0.551606	0.0281117	N/A	0.793348	0.602119	0.630968	0.694462	0.851985	0.598363	0.571092
OG0001916	0.70406	3.18761e-06	0.342119	0.74981	0.143314	0.502834	0.508431	0.551606	0.0814229	N/A	0.70406	0.555608	0.573344	0.616827	0.78545	0.598363	0.571092
OG0001943	0.450171	0.096052	0.825302	0.831963	0.542718	0.00425738	3.77624e-07	0.201047	0.639489	N/A	0.793348	0.602119	0.630968	0.694462	0.336604	0.71987	0.672321
OG0001952	0.450171	0.851908	0.505389	0.831963	0.845331	0.508431	0.000112168	0.632599	0.016852	N/A	0.793348	0.602119	0.630968	0.694462	0.336604	0.71987	0.672321
OG0001972	0.70406	1.26223e-07	0.741198	0.353307	0.143314	0.5	0.5	0.5	0.5	N/A	0.70406	0.555608	0.573344	0.616827	0.398428	0.5	0.5
OG0002129	0.837896	0.0163418	0.741198	0.353307	0.768207	0.00846676	0.516649	0.0528854	0.151346	N/A	0.543686	0.602119	0.19687	0.616827	0.56085	0.66873	0.627401
OG0002130	0.70406	0.0174988	0.741198	0.5	0.5	0.0126523	0.0126979	0.632599	0.639489	N/A	0.70406	0.555608	0.573344	0.17136	0.0524138	0.71987	0.672321
OG0002139	0.225577	0.395092	0.741198	0.353307	1.59909e-07	0.5	0.5	0.5	0.5	N/A	0.450171	0.555608	0.573344	0.616827	0.398428	0.5	0.5
OG0002140	0.70406	0.395092	0.342119	0.353307	5.19721e-09	0.5	0.5	0.5	0.5	N/A	0.70406	0.555608	0.573344	0.616827	0.398428	0.5	0.5
OG0002145	0.450171	0.558951	7.88791e-07	0.353307	0.768207	0.5	0.5	0.5	0.5	N/A	0.793348	0.602119	0.630968	0.293446	0.195987	0.5	0.5
OG0002241	0.450171	0.0163418	0.0734382	0.831963	0.17655	0.00424941	0.00423313	0.551606	0.554812	N/A	0.793348	0.602119	0.630968	0.694462	0.851985	0.598363	0.571092
OG0002316	0.793348	2.74379e-05	0.5	0.5	0.5	0.502834	0.00423313	0.551606	0.554812	N/A	0.450171	0.555608	0.108563	0.5	0.78545	0.598363	0.571092
OG0002352	0.450171	0.332537	0.505389	0.285273	0.845331	0.505644	3.82159e-05	0.595366	0.600783	N/A	0.793348	0.602119	0.630968	0.694462	0.56085	0.66873	0.627401
OG0002355	0.70406	0.000692914	0.741198	0.133784	0.768207	0.502834	0.00423313	0.551606	0.0814229	N/A	0.70406	0.555608	0.573344	0.616827	0.78545	0.598363	0.571092
OG0002486	0.793348	0.096052	0.825302	0.517502	0.311123	0.00141914	0.0126286	0.551606	0.554812	N/A	0.793348	0.602119	0.630968	0.694462	0.851985	0.598363	0.571092
OG0002533	0.70406	1.26223e-07	0.5	0.5	0.5	0.5	0.5	0.5	0.5	N/A	0.70406	0.555608	0.108563	0.5	0.398428	0.5	0.5
OG0002557	0.70406	8.04997e-05	0.741198	0.74981	0.37685	0.00424941	0.508431	0.551606	0.554812	N/A	0.70406	0.555608	0.573344	0.616827	0.78545	0.598363	0.571092
OG0002592	0.70406	8.04997e-05	0.741198	0.74981	0.768207	0.502834	0.0126286	0.551606	0.0814229	N/A	0.70406	0.555608	0.573344	0.616827	0.78545	0.598363	0.571092
OG0002694	0.70406	0.782758	0.741198	0.831963	0.311123	0.502834	3.58414e-05	0.551606	0.0281117	N/A	0.70406	0.555608	0.573344	0.0613272	0.78545	0.598363	0.571092
OG0002751	0.793348	0.851908	0.505389	0.831963	0.845331	0.505644	0.000178001	0.551606	0.0814229	N/A	0.793348	0.602119	0.630968	0.694462	0.56085	0.66873	0.191481
OG0002778	0.70406	1.08648e-06	0.342119	0.353307	0.768207	0.5	0.5	0.5	0.5	N/A	0.70406	0.555608	0.573344	0.616827	0.398428	0.5	0.5
OG0002779	0.70406	0.395092	0.342119	0.353307	1.59909e-07	0.5	0.5	0.5	0.5	N/A	0.70406	0.555608	0.573344	0.616827	0.398428	0.5	0.5
OG0003028	0.70406	0.0513394	0.741198	0.133784	0.37685	0.502834	0.00423313	0.551606	0.00158558	N/A	0.70406	0.555608	0.573344	0.616827	0.78545	0.598363	0.571092
OG0003084	0.793348	0.5	0.5	0.5	0.5	0.00846676	0.516649	1.14423e-06	0.600783	N/A	0.450171	0.082593	0.5	0.5	0.15195	0.66873	0.627401
OG0003108	0.793348	0.782758	0.342119	0.353307	1.54174e-05	0.00424941	0.508431	0.5	0.5	N/A	0.450171	0.555608	0.573344	0.616827	0.78545	0.598363	0.105275
OG0003395	0.70406	0.395092	0.825302	0.831963	0.0348463	0.00424941	3.58414e-05	0.5	0.5	N/A	0.70406	0.555608	0.0379039	0.694462	0.78545	0.598363	0.105275
OG0003557	0.70406	0.395092	0.342119	0.353307	1.57016e-06	0.5	0.5	0.5	0.5	N/A	0.70406	0.555608	0.573344	0.616827	0.398428	0.5	0.5
OG0005399	0.70406	0.0513394	0.741198	0.0114557	0.37685	0.00424941	0.508431	0.5	0.5	N/A	0.70406	0.555608	0.573344	0.616827	0.78545	0.598363	0.105275
OG0005894	0.70406	0.395092	0.741198	0.133784	0.768207	0.505644	3.82159e-05	0.595366	0.151346	N/A	0.70406	0.555608	0.573344	0.616827	0.15195	0.66873	0.627401
OG0005923	0.70406	0.0513394	0.741198	0.74981	0.768207	0.00141914	0.0126286	0.076707	0.554812	N/A	0.70406	0.555608	0.573344	0.616827	0.78545	0.598363	0.571092
OG0006580	0.70406	0.782758	0.741198	0.133784	0.37685	0.00141914	0.0126286	0.551606	0.554812	N/A	0.70406	0.555608	0.573344	0.616827	0.78545	0.598363	0.571092
OG0007768	0.70406	0.395092	0.741198	0.133784	0.768207	0.00424941	0.00423313	0.5	0.5	N/A	0.70406	0.555608	0.573344	0.616827	0.78545	0.598363	0.105275
OG0011242	0.70406	0.5	0.5	0.5	0.5	0.00424941	3.58414e-05	0.5	0.5	N/A	0.70406	0.082593	0.5	0.5	0.78545	0.598363	0.105275
