OG0000008	-13	-5	30	21	9	0	0	-2	0	0	17	8	14	9	-14	0	-1
OG0000012	18	30	3	-9	-14	-4	10	-4	2	0	-16	-1	-6	-13	-13	-1	-1
OG0000013	-11	57	-1	-6	-6	0	1	4	-1	0	13	1	-3	-5	12	-1	2
OG0000015	-11	11	8	-5	25	0	0	-1	5	0	15	5	5	4	-7	-6	3
OG0000016	0	-7	0	-6	-1	0	0	9	-5	0	0	-3	-2	-2	36	3	3
OG0000020	-6	66	0	-4	-4	0	2	0	0	0	6	3	-2	-4	-5	1	-1
OG0000025	-4	-6	5	2	-6	4	-6	-3	4	0	4	-1	0	-1	24	4	1
OG0000026	-4	-3	15	6	-13	-1	3	-3	10	0	4	0	1	-2	5	-3	2
OG0000027	26	11	0	-3	-5	-1	1	0	0	0	-21	0	-2	-3	-24	-1	-1
OG0000029	-7	27	13	-2	12	0	0	0	0	0	7	9	4	2	-23	0	0
OG0000031	14	-1	6	2	-12	0	2	-1	1	0	-12	-1	-1	-4	-10	-1	0
OG0000032	8	9	-10	-6	3	-1	2	-7	17	0	-7	-2	-4	-1	2	-2	2
OG0000033	-4	28	-1	3	-5	0	0	0	-1	0	4	2	-1	0	-6	-1	0
OG0000034	-5	41	-1	-2	-4	1	-1	0	-1	0	5	0	-5	-6	14	3	0
OG0000035	22	3	-2	3	-5	0	0	0	0	0	-19	0	-1	0	-18	0	-1
OG0000036	-8	50	5	3	0	0	0	0	-1	0	9	9	1	1	-14	0	0
OG0000038	-8	28	-1	0	-3	0	1	-2	1	0	9	1	0	-1	2	2	0
OG0000040	0	7	0	-1	-7	0	2	2	0	0	0	-1	-2	-3	5	-1	1
OG0000043	-4	78	-4	-3	0	0	1	1	-3	0	4	2	-1	-1	-10	-1	0
OG0000046	0	-3	0	-2	-3	-1	7	2	-3	0	0	-1	-1	-2	23	8	-1
OG0000047	-7	35	6	-11	26	0	0	0	0	0	8	7	2	1	-14	-1	0
OG0000049	-3	68	-4	-1	-3	0	0	0	0	0	4	2	-1	-1	-9	0	0
OG0000050	-2	46	-8	4	-5	0	-2	0	0	0	1	1	-1	-1	-7	-1	0
OG0000052	18	-1	-7	-6	28	0	1	0	0	0	-15	0	0	3	-16	0	0
OG0000053	-5	1	6	4	20	0	0	0	0	0	5	5	7	7	-11	0	0
OG0000054	17	14	-6	-3	-2	0	-1	0	0	0	-14	-1	-3	-1	-12	0	-1
OG0000055	-3	-6	7	0	-3	0	3	3	-2	0	2	0	0	-1	17	1	1
OG0000056	-7	21	5	-3	5	0	0	-1	0	0	8	4	0	0	-4	0	0
OG0000057	-6	23	4	-6	-2	0	0	-2	2	0	7	0	-1	-4	7	1	1
OG0000058	-3	45	-3	-2	-1	0	0	0	-1	0	2	1	-1	-1	-6	0	0
OG0000059	-4	2	-6	10	40	-1	2	-1	0	0	4	3	4	16	-8	0	0
OG0000060	4	-3	-1	0	-3	-1	4	-3	7	0	-3	-4	-2	-1	16	1	1
OG0000061	-3	16	4	3	-1	0	1	0	1	0	3	2	1	0	-10	-1	0
OG0000062	-3	6	-4	-6	5	-3	6	1	1	0	3	0	-1	-1	16	-1	5
OG0000069	1	-4	-3	-4	9	0	2	0	0	0	-2	0	0	0	5	2	-1
OG0000071	-5	1	20	-1	10	-1	0	-1	0	0	6	4	6	1	-10	0	0
OG0000072	-2	43	-4	-2	0	0	1	0	0	0	2	1	-1	-1	-7	0	-1
OG0000073	5	39	-6	0	-5	0	2	0	0	0	-4	0	-4	-2	-9	0	-1
OG0000075	-1	58	-6	-1	-2	0	-2	0	0	0	1	0	-2	-1	-7	0	0
OG0000077	-1	-5	-1	4	55	0	0	0	0	0	1	1	6	15	-6	0	0
OG0000078	-4	24	9	1	-4	0	0	-1	0	0	4	3	1	-1	-13	-1	0
OG0000080	-5	10	26	-5	7	0	0	0	0	0	6	7	5	0	-12	0	0
OG0000081	-3	47	-4	1	-1	0	0	0	-1	0	4	2	-1	0	-7	0	0
OG0000082	-5	6	1	-3	3	0	1	1	-1	0	6	1	0	0	5	-1	1
OG0000085	0	5	0	0	-5	0	-1	4	-3	0	0	0	-3	-3	10	2	0
OG0000086	-4	9	-2	2	-1	0	1	4	-2	0	5	0	0	1	4	-2	2
OG0000087	-2	76	-3	-1	-3	0	1	0	0	0	2	1	-2	-1	-6	0	0
OG0000093	0	-5	-5	31	14	0	0	0	0	0	0	1	3	18	-8	0	0
OG0000094	-3	-6	5	-1	0	0	0	-3	3	0	3	0	0	0	13	3	1
OG0000095	5	19	-5	1	-1	0	1	0	0	0	-5	0	-1	0	-13	0	0
OG0000100	-4	14	-6	22	3	-1	0	-1	1	0	5	3	1	7	-7	-1	0
OG0000102	-5	16	32	0	-8	0	0	1	-2	0	7	5	2	-3	-10	-2	0
OG0000104	-4	5	11	26	-16	0	0	0	0	0	4	3	3	1	-10	0	0
OG0000105	9	-15	22	4	-1	0	0	0	0	0	-8	0	4	1	-14	0	-1
OG0000106	-3	-4	0	20	15	-1	0	-1	0	0	2	2	7	13	-6	0	0
OG0000107	0	-1	-2	48	-8	-1	0	0	0	0	0	0	3	5	-11	0	-1
OG0000108	28	13	-6	-2	-3	0	2	0	0	0	-23	-1	-4	-1	-11	0	-1
OG0000110	7	16	-4	1	-3	0	0	0	0	0	-7	0	-1	-1	-14	0	0
OG0000112	-5	14	8	4	3	0	0	0	0	0	5	6	3	2	-10	0	0
OG0000113	-1	53	-5	-2	1	0	-1	-1	0	0	1	1	-2	-1	-6	0	0
OG0000115	-3	-2	3	1	1	0	0	4	-2	0	3	0	0	0	7	1	1
OG0000116	-3	13	-3	3	1	-1	2	1	-1	0	3	1	0	1	-3	0	0
OG0000118	-2	36	-2	-2	2	0	0	0	0	0	3	2	0	-1	-8	0	0
OG0000119	-2	51	-3	-1	-2	0	1	0	-1	0	2	1	-2	0	-5	0	0
OG0000122	-2	28	-3	3	-1	0	0	0	0	0	3	1	0	0	-7	0	0
OG0000123	-1	2	-1	0	-1	0	2	1	2	0	1	0	-2	0	19	-2	5
OG0000125	-2	38	-2	2	-5	0	-1	0	-1	0	2	1	0	-1	-4	1	-1
OG0000126	8	-1	-1	4	-8	0	1	5	-5	0	-8	-1	-1	0	0	0	0
OG0000127	3	35	-5	-2	-3	-1	0	1	-2	0	-3	0	-2	-1	-9	0	0
OG0000128	-1	17	-3	0	-1	0	0	1	-2	0	1	0	0	0	-4	1	-1
OG0000129	-2	12	-4	0	-2	3	-3	1	-3	0	1	0	-1	0	6	5	-1
OG0000131	-2	75	-2	-3	1	0	0	0	0	0	1	1	-2	-1	-4	0	0
OG0000132	0	18	-6	2	2	0	-1	0	-1	0	0	0	-1	1	-5	0	0
OG0000133	-3	42	-1	-2	-1	1	-2	1	-3	0	3	1	-1	-1	-2	1	-1
OG0000134	26	-8	17	-1	-7	-1	1	-1	1	0	-20	-1	0	-3	-9	0	0
OG0000135	-2	39	-4	-3	3	0	0	0	0	0	2	1	0	0	-4	0	0
OG0000136	12	4	-5	0	-2	1	-1	-1	0	0	-10	-1	-2	-1	-6	1	-1
OG0000137	-2	50	-3	-1	-2	0	0	0	-1	0	2	0	-1	-1	-4	0	0
OG0000139	-2	55	-1	-2	0	0	0	0	0	0	3	1	-1	-1	-5	0	0
OG0000141	-1	-4	-2	22	8	0	0	0	0	0	0	1	3	11	-4	0	0
OG0000142	-1	-4	6	-2	42	0	0	0	0	0	1	1	8	6	-3	0	0
OG0000143	-3	19	-2	0	0	-1	0	-2	6	0	3	0	0	0	0	-1	1
OG0000144	-3	38	-4	1	-2	0	1	1	0	0	2	1	0	0	-3	0	0
OG0000146	16	34	-5	-5	0	0	0	0	0	0	-13	0	-5	-2	-12	0	0
OG0000147	-3	-1	5	0	-1	-2	1	0	5	0	3	0	0	-1	5	-2	3
OG0000148	-2	42	-5	0	-1	0	0	0	0	0	1	1	0	0	-4	0	0
OG0000149	1	-4	-5	25	15	0	0	0	0	0	-1	0	2	17	-4	0	0
OG0000152	0	0	0	0	0	0	-2	5	-1	0	0	-2	-1	0	17	1	2
OG0000153	-3	49	-5	3	-1	-1	0	-1	0	0	2	2	-1	0	-4	0	0
OG0000154	-3	18	-1	9	-5	-1	4	-1	0	0	3	1	0	1	-5	0	-1
OG0000158	0	0	0	0	0	0	1	2	0	0	0	-1	0	0	19	2	1
OG0000159	3	63	-5	-4	1	0	0	0	0	0	-3	0	-3	-1	-8	0	0
OG0000161	-2	4	-3	-1	0	-1	4	0	1	0	1	0	-1	0	12	1	2
OG0000162	-1	66	-2	-1	-1	0	0	-1	0	0	1	1	-2	-1	-3	0	0
OG0000164	-3	20	2	2	0	0	0	0	0	0	4	3	0	0	-8	0	0
OG0000166	-2	3	6	-5	5	0	1	-4	0	0	2	1	1	0	-3	1	-1
OG0000167	-1	45	-2	-1	-2	0	0	0	0	0	1	0	-1	0	-5	0	0
OG0000169	-1	21	-3	-1	2	0	1	0	0	0	1	0	-1	0	-5	0	0
OG0000170	7	20	-3	-1	-4	0	-1	0	0	0	-6	0	-1	-1	-10	0	-1
OG0000171	-2	0	1	1	-2	0	2	1	-1	0	3	0	0	0	8	0	1
OG0000172	-2	25	-4	1	2	0	1	0	0	0	2	1	-1	0	-4	0	-1
OG0000173	9	44	-2	-2	-1	0	0	0	0	0	-8	0	-5	-3	-10	0	0
OG0000176	-2	22	-2	2	1	-1	0	0	-1	0	2	2	0	1	-6	0	0
OG0000177	0	81	0	0	0	0	0	0	0	0	1	0	-2	0	-2	0	0
OG0000178	2	-6	-1	40	-3	-1	0	0	0	0	-2	0	2	6	-5	0	-1
OG0000179	-2	2	7	6	-3	0	1	0	0	0	1	1	1	0	-6	0	0
OG0000180	-1	19	-3	0	1	0	1	-1	1	0	1	0	0	0	-3	-1	0
OG0000181	3	18	-5	-1	-2	0	0	0	0	0	-2	0	-2	-1	-3	-1	0
OG0000182	2	-1	1	-3	-1	0	2	0	1	0	-3	-1	-1	-2	4	1	0
OG0000183	-1	-3	-2	11	17	0	0	0	0	0	0	1	3	11	-5	0	0
OG0000184	0	-6	2	42	-6	0	0	0	0	0	0	0	4	4	-6	0	0
OG0000185	4	-4	-1	-6	60	0	0	0	0	0	-3	0	0	3	-4	0	0
OG0000190	-1	-3	1	1	-1	0	-1	1	0	0	1	0	0	0	9	1	1
OG0000191	-3	13	-3	0	7	0	1	-1	1	0	3	2	0	2	-6	0	0
OG0000192	-4	2	5	12	-6	0	-1	0	0	0	4	1	1	1	-3	0	-1
OG0000193	-3	44	8	0	-5	0	0	0	0	0	2	3	0	-2	-6	0	0
OG0000197	-3	1	0	3	3	0	1	2	-1	0	4	1	1	2	-1	-1	0
OG0000198	-3	15	2	1	-1	0	1	0	0	0	3	1	0	0	-4	-1	0
OG0000199	-1	69	-1	0	-1	0	0	0	0	0	1	0	-1	-1	-2	0	0
OG0000203	-2	18	0	-2	4	0	1	0	1	0	2	1	0	0	-4	0	0
OG0000204	-2	11	1	-2	-1	1	0	0	-1	0	2	0	-1	-1	1	2	-1
OG0000205	0	-1	-2	-3	10	0	0	1	-2	0	0	0	0	0	6	4	-1
OG0000209	-3	8	13	-7	4	-1	0	0	0	0	3	2	1	-1	-6	0	0
OG0000216	-2	11	-1	-1	9	0	0	0	-1	0	2	2	0	1	-5	0	0
OG0000217	0	19	-3	-1	-1	0	-1	0	-1	0	0	0	-1	0	-2	1	0
OG0000219	-1	15	-4	5	0	0	0	0	0	0	0	1	0	1	-7	0	0
OG0000220	-1	19	-6	1	1	0	1	1	-5	0	0	0	-1	0	-2	1	0
OG0000221	-1	19	1	-2	-1	0	0	0	-1	0	0	1	0	-1	-6	0	0
OG0000223	0	-2	-4	5	32	0	0	0	0	0	0	0	1	12	-3	0	0
OG0000224	-2	33	-3	-2	2	0	0	0	0	0	1	1	0	0	-3	0	0
OG0000225	-2	17	-1	-1	0	0	-1	-1	1	0	2	0	-1	0	-1	-1	0
OG0000228	1	-3	-6	25	2	0	-1	-1	0	0	-1	0	0	7	-3	0	-1
OG0000229	1	17	-3	-2	2	0	0	0	0	0	-2	0	-1	0	-8	0	0
OG0000231	-2	14	-2	0	0	0	1	0	0	0	1	0	0	0	-2	-1	0
OG0000232	-2	2	-2	2	-3	-1	1	1	0	0	1	0	0	0	6	0	3
OG0000233	-1	56	-2	-1	-1	0	1	0	0	0	1	0	-1	0	-3	0	0
OG0000237	1	3	-3	6	-5	0	0	-1	3	0	-1	0	0	0	-1	-1	0
OG0000238	1	1	-4	-2	2	0	-3	2	0	0	-2	0	-1	0	3	-2	2
OG0000239	0	54	-2	0	-1	0	0	0	0	0	0	1	-2	-1	-3	0	0
OG0000240	-1	57	-2	0	-1	0	0	1	0	0	1	1	-1	-1	-2	0	0
OG0000244	-1	32	-2	1	-3	0	1	0	-2	0	1	0	-1	-1	-1	0	0
OG0000246	-3	14	0	2	0	0	0	0	-1	0	4	1	0	1	-4	0	0
OG0000247	-1	0	-1	-2	10	0	1	-2	3	0	0	0	0	1	-3	0	0
OG0000248	-1	45	-3	-4	10	0	0	0	0	0	1	1	0	0	-4	0	0
OG0000252	-3	9	1	-2	5	0	2	2	-1	0	3	1	0	0	-2	0	0
OG0000259	0	-1	-1	28	7	0	0	0	0	0	0	0	2	12	-1	0	0
OG0000260	-1	25	-2	1	-2	0	1	0	-1	0	0	1	0	0	-5	0	0
OG0000261	-1	-5	4	7	-1	-1	1	3	-1	0	1	0	1	1	1	-1	1
OG0000267	-2	43	-1	0	-3	0	-1	0	0	0	1	1	0	-1	-1	0	-1
OG0000272	0	-5	0	26	0	0	0	0	0	0	0	0	2	7	-5	0	0
OG0000273	-3	7	17	-8	5	0	0	0	0	0	2	3	1	0	-7	0	0
OG0000274	-1	54	-1	-1	-1	0	1	0	-1	0	0	0	-1	0	-2	0	0
OG0000275	-2	27	-2	-2	0	0	0	0	0	0	0	1	-1	0	-2	0	-1
OG0000277	-2	15	-2	2	-1	0	-1	0	0	0	1	0	0	0	-2	0	0
OG0000278	-1	33	-2	0	-2	0	0	0	-1	0	0	1	-1	0	-2	0	0
OG0000279	-1	15	-6	7	0	0	-1	0	-1	0	1	0	0	2	-3	1	-2
OG0000280	-1	-3	-1	27	3	0	0	0	0	0	0	0	3	8	-3	0	0
OG0000283	1	0	0	0	0	6	-4	6	-9	0	0	-3	0	0	10	6	-1
OG0000289	-2	29	-2	1	-3	0	0	1	0	0	2	0	0	0	-1	0	0
OG0000291	-2	27	-1	-2	-1	0	0	0	0	0	2	1	0	-1	-3	0	0
OG0000292	0	-2	0	5	-4	0	-2	1	0	0	-1	0	0	0	6	-1	3
OG0000293	-1	50	-2	0	0	0	0	0	0	0	1	0	0	-1	-2	0	0
OG0000296	6	25	-3	-1	-2	0	0	0	0	0	-5	0	-3	-1	-5	0	0
OG0000298	-2	2	0	-1	6	0	1	1	-2	0	2	0	0	0	-1	0	0
OG0000301	-2	46	-1	0	-2	0	0	0	0	0	0	0	0	-1	-1	0	0
OG0000303	-2	1	7	1	2	-1	0	0	0	0	3	1	2	0	-4	0	0
OG0000304	-2	-2	6	-2	3	-1	2	-2	5	0	2	0	0	0	3	0	0
OG0000306	16	-5	-1	4	0	0	0	0	0	0	-13	0	0	0	-7	0	0
OG0000308	-2	31	-1	-1	-1	0	0	-1	0	0	1	0	-1	0	-1	0	0
OG0000309	-3	11	1	7	-3	0	0	0	0	0	3	2	0	0	-5	0	0
OG0000310	0	0	-1	39	-1	0	0	0	0	0	0	0	1	8	-1	0	0
OG0000312	-1	0	-4	5	20	0	0	0	0	0	1	1	1	8	-2	0	0
OG0000315	-1	48	-2	0	0	0	0	0	0	0	1	0	0	-1	-2	0	0
OG0000316	-2	13	0	0	0	0	0	0	-1	0	3	1	0	0	-1	0	0
OG0000319	1	13	-3	-4	4	0	0	0	0	0	-2	0	-1	0	-3	0	0
OG0000322	-1	0	-1	45	-4	0	0	0	0	0	0	0	1	4	-2	0	0
OG0000325	-1	35	-2	2	-3	0	0	0	0	0	1	0	-1	0	-3	0	0
OG0000327	-2	1	2	1	1	-1	1	1	-1	0	2	1	1	1	-1	0	0
OG0000328	-2	24	-1	0	-1	0	-2	2	0	0	2	1	-1	0	-1	0	0
OG0000329	-2	5	1	-4	17	-1	0	-1	0	0	2	1	1	1	-4	0	0
OG0000330	-1	14	-2	-2	2	0	1	-1	1	0	0	0	0	0	-1	-1	0
OG0000331	-1	32	-2	0	-2	0	0	0	0	0	1	0	-1	0	-2	0	0
OG0000332	-2	24	-2	1	-2	0	1	0	0	0	2	0	-1	0	0	0	0
OG0000333	2	35	-3	1	-3	0	0	0	0	0	-2	0	-2	-1	-5	0	0
OG0000335	6	13	-3	3	-5	0	0	0	0	0	-5	0	-1	0	-5	0	0
OG0000336	-2	11	-1	0	1	0	1	0	0	0	2	1	0	0	-4	0	0
OG0000337	0	-3	-3	10	11	0	0	0	0	0	0	0	2	9	-4	0	0
OG0000338	2	24	-3	-1	0	0	0	0	0	0	-2	0	-2	-1	-5	0	0
OG0000339	-1	2	1	2	-4	0	3	0	-1	0	1	0	0	0	1	0	0
OG0000341	0	4	-1	-1	3	0	0	2	-3	0	0	0	0	0	-2	0	0
OG0000345	0	52	0	0	0	0	0	0	0	0	0	0	-2	-1	-3	0	0
OG0000347	-1	6	8	5	-6	0	0	0	0	0	1	1	1	0	-8	0	0
OG0000349	-1	36	-2	-1	3	0	0	0	0	0	2	1	-1	0	-3	0	0
OG0000350	-2	0	3	-2	3	0	-2	0	0	0	3	0	1	0	1	0	0
OG0000354	23	-1	0	-1	0	0	0	0	0	0	-18	-1	0	-1	-5	0	0
OG0000356	31	-1	1	0	0	0	0	0	0	0	-23	-1	0	-1	-2	0	0
OG0000358	-1	-1	1	2	9	0	-1	0	-2	0	1	0	1	3	-3	0	0
OG0000360	0	0	-2	-2	40	0	0	0	0	0	0	0	1	4	-2	0	0
OG0000362	1	-5	2	12	3	0	0	0	0	0	-1	0	3	4	-5	0	0
OG0000366	-2	20	0	2	1	0	0	0	0	0	2	3	0	0	-5	0	0
OG0000367	-1	-3	-2	19	-1	-2	2	3	0	0	1	0	1	4	1	0	0
OG0000369	-1	35	-1	-1	-2	0	0	0	0	0	0	0	0	-1	-2	0	0
OG0000370	-2	17	-1	-1	1	0	1	1	0	0	1	0	0	0	-1	0	0
OG0000371	-1	26	-1	-1	0	0	0	0	-1	0	1	0	0	-1	-2	0	0
OG0000372	-2	16	2	2	-1	0	0	0	0	0	3	1	0	0	-4	0	0
OG0000373	27	-2	1	0	-1	0	0	0	0	0	-20	-1	0	0	-3	0	0
OG0000377	13	-4	0	2	-2	0	0	0	0	0	-11	0	0	0	-7	0	0
OG0000378	-2	13	-3	-1	6	0	-2	0	0	0	2	0	0	0	-2	0	0
OG0000379	-1	42	-1	0	-1	0	0	0	0	0	1	0	0	-1	-2	0	0
OG0000380	-1	45	-1	0	0	0	0	0	0	0	0	0	0	-1	-1	0	0
OG0000381	-1	22	-1	-1	0	0	0	0	-1	0	1	1	-1	0	-2	0	0
OG0000382	-1	16	-3	-1	2	0	0	0	0	0	0	0	0	0	-3	0	0
OG0000383	8	8	-3	-1	-2	0	0	0	1	0	-6	0	-1	-1	-5	0	0
OG0000385	-2	12	4	0	-3	0	0	0	0	0	2	1	0	0	-3	0	0
OG0000386	-1	14	-1	-1	-1	0	1	0	0	0	1	0	0	0	0	0	0
OG0000387	-2	0	0	-1	4	0	1	-1	1	0	1	0	0	0	4	1	0
OG0000388	-1	36	-1	0	-1	0	0	0	0	0	1	0	-1	-1	-2	0	0
OG0000391	-2	13	8	-1	-2	0	0	0	0	0	2	1	0	-1	-4	0	0
OG0000392	-2	7	0	1	5	0	1	0	0	0	3	1	1	1	-4	0	-1
OG0000393	-1	18	0	1	-3	0	1	0	-1	0	1	1	0	-1	-4	0	0
OG0000400	-2	-1	5	4	-2	0	-1	1	-3	0	1	1	1	0	-2	0	0
OG0000401	-1	24	-2	2	-2	0	0	0	-2	0	0	0	-1	0	-2	0	0
OG0000402	0	-4	-1	7	11	0	0	0	0	0	-1	0	1	8	-4	0	0
OG0000403	-2	29	-2	-1	0	0	0	0	-2	0	1	0	0	0	-1	0	0
OG0000404	26	-2	-1	3	-2	0	0	0	0	0	-19	0	0	0	-2	0	0
OG0000405	0	2	0	0	-2	-1	2	0	0	0	0	0	0	0	4	0	0
OG0000407	-1	36	-1	0	-1	0	0	0	0	0	1	1	0	-1	-2	0	0
OG0000408	-1	41	-1	0	-1	0	1	0	-1	0	1	0	-1	0	-2	0	0
OG0000416	-1	38	-1	-1	-1	0	0	0	0	0	1	0	0	0	-2	0	0
OG0000418	-1	25	-1	-1	1	-1	0	0	0	0	2	0	-1	0	-2	-1	0
OG0000419	-2	27	-2	0	1	0	0	0	0	0	1	1	-1	0	-2	0	0
OG0000420	-1	39	-1	0	0	0	0	0	0	0	1	0	-1	0	-2	0	0
OG0000425	-1	39	0	0	-2	0	0	0	0	0	1	0	-1	0	-2	0	0
OG0000426	-2	17	-2	1	2	0	0	0	0	0	2	1	0	1	-3	0	-1
OG0000427	-1	29	-2	1	-1	0	0	0	0	0	0	0	-1	0	-2	0	0
OG0000429	-2	15	1	-3	0	0	-2	0	-1	0	1	1	0	-1	-3	0	0
OG0000430	-1	15	-1	0	-1	0	0	-1	9	0	0	0	-1	-1	0	-1	1
OG0000431	-1	26	0	-1	-1	0	0	0	-1	0	1	1	0	-1	-2	0	0
OG0000434	13	-4	19	-1	-1	0	0	0	0	0	-11	0	0	-3	-4	0	0
OG0000439	-1	21	-3	0	4	0	-1	0	-1	0	1	1	0	0	-2	0	0
OG0000440	-1	27	1	-2	-1	0	0	0	0	0	1	0	0	-1	-4	0	0
OG0000441	7	2	1	-4	0	-1	0	-1	2	0	-6	0	0	-1	-3	-1	0
OG0000442	-1	7	0	1	-1	-1	1	0	1	0	1	0	0	0	-2	-1	0
OG0000444	-1	15	-2	-1	3	0	0	0	-1	0	0	0	0	0	-2	0	0
OG0000446	1	-2	-2	-3	32	0	3	0	0	0	-1	0	0	1	0	0	0
OG0000447	0	2	-1	-2	0	0	0	-2	2	0	-1	0	-2	0	4	2	0
OG0000450	-1	-1	5	-6	31	0	0	0	0	0	0	1	2	1	-2	0	0
OG0000453	-1	25	-2	0	0	0	-1	0	1	0	1	0	0	0	-2	0	0
OG0000459	-2	0	3	6	4	0	0	0	0	0	1	1	3	3	-4	0	0
OG0000460	2	6	-1	-1	0	-1	1	0	0	0	-3	0	0	-1	-3	0	0
OG0000461	-1	33	-1	-1	0	0	0	0	0	0	1	1	-1	0	-2	0	0
OG0000462	-1	38	0	0	0	0	1	0	0	0	0	0	-1	0	-1	0	0
OG0000463	-1	35	0	0	-1	0	0	0	0	0	0	0	-1	0	-2	0	0
OG0000465	-1	6	-2	-1	1	0	1	1	0	0	1	0	0	0	4	0	1
OG0000470	-1	0	-3	16	4	0	0	0	0	0	0	0	1	7	-3	0	0
OG0000471	-2	12	7	-5	5	0	0	0	0	0	2	2	0	0	-5	0	0
OG0000472	-1	38	0	0	0	0	0	0	0	0	0	0	-1	0	-1	0	0
OG0000473	17	-1	-1	0	-2	0	0	0	0	0	-14	-1	-1	0	-2	0	0
OG0000474	-1	39	-1	0	0	0	0	0	0	0	0	1	-1	0	-2	0	0
OG0000475	24	-1	0	0	0	0	0	0	0	0	-19	-1	0	-1	-1	0	-1
OG0000476	0	-1	0	42	-3	0	0	0	0	0	0	0	0	2	-1	0	0
OG0000478	-1	14	1	-2	0	0	1	0	0	0	1	0	0	-1	-2	0	0
OG0000480	-1	17	-1	-1	1	0	0	0	0	0	1	1	0	0	-4	0	0
OG0000482	0	16	-1	-1	-1	0	0	1	-1	0	0	0	-1	0	-2	0	0
OG0000486	0	33	-2	0	-1	0	1	0	0	0	0	0	-1	0	-2	0	0
OG0000487	-1	34	-1	0	0	0	0	0	0	0	1	0	-1	0	-2	0	0
OG0000491	0	12	-2	-1	-1	0	-1	0	-1	0	-1	0	-2	0	0	0	0
OG0000495	-1	36	0	0	0	0	0	0	0	0	0	0	-1	0	-1	0	0
OG0000498	-1	34	-1	0	0	0	0	0	0	0	0	0	0	0	-1	0	0
OG0000501	-2	17	-1	1	-2	0	0	0	0	0	2	0	0	0	-2	0	-1
OG0000502	-1	21	-2	0	0	0	0	0	0	0	0	0	0	0	-2	0	0
OG0000504	1	1	-3	-1	6	-1	1	-2	2	0	-1	0	0	0	-1	0	0
OG0000505	-1	29	-2	0	-2	0	0	0	0	0	1	0	0	0	-1	0	0
OG0000506	0	30	-2	0	-1	0	0	0	-1	0	-1	0	-1	-1	-3	0	0
OG0000507	0	0	0	0	0	1	-1	3	-3	0	0	0	-2	0	7	3	0
OG0000511	-1	12	-1	-1	4	0	0	1	0	0	1	0	0	0	-1	0	0
OG0000512	-2	21	-1	0	0	0	0	0	0	0	1	1	0	0	-3	0	0
OG0000513	-2	22	0	-1	-1	0	0	0	0	0	1	0	0	0	-2	0	0
OG0000518	0	-3	1	4	1	0	0	5	-1	0	0	0	0	1	0	0	0
OG0000529	0	31	-1	0	-1	0	1	0	0	0	0	0	0	0	-1	0	0
OG0000531	-1	16	-1	0	-1	0	0	0	0	0	1	1	0	0	-2	0	0
OG0000532	0	17	1	-2	-1	-1	0	-1	0	0	0	0	-1	-2	-4	0	0
OG0000533	0	-2	-2	23	1	0	0	0	0	0	0	0	0	7	-2	0	0
OG0000534	-1	15	0	2	-3	0	0	0	-1	0	1	0	0	0	-3	0	0
OG0000538	-1	18	-2	1	-2	0	2	0	0	0	0	0	0	0	-2	0	0
OG0000539	-1	-1	-1	0	0	1	0	0	-2	0	0	0	0	0	5	6	-1
OG0000541	0	27	-2	-1	-1	0	0	0	0	0	0	0	-1	0	-3	0	0
OG0000548	-1	24	-1	0	0	0	0	0	-1	0	1	0	0	0	-1	0	0
OG0000552	-1	3	-2	-1	1	0	1	-3	1	0	1	0	0	0	3	3	0
OG0000553	-1	15	-1	-1	1	0	0	-1	1	0	1	0	0	0	1	0	0
OG0000554	0	21	-1	-2	2	0	0	0	0	0	0	0	0	0	-1	0	0
OG0000555	4	3	-2	-3	6	0	1	0	0	0	-3	0	0	0	-3	0	-1
OG0000556	-2	15	1	-2	-1	-1	0	0	0	0	2	0	0	-1	-2	0	0
OG0000557	0	18	-2	1	-2	0	0	0	0	0	0	0	0	0	-2	0	0
OG0000558	-1	19	-2	-2	2	0	0	0	0	0	1	0	0	0	-2	0	0
OG0000562	-1	30	-1	0	-1	0	0	0	1	0	0	0	0	0	-1	0	0
OG0000564	-2	19	-1	-1	0	0	0	0	0	0	1	0	0	0	-2	0	0
OG0000566	-1	3	-2	25	-3	0	0	0	0	0	1	0	0	3	-3	0	0
OG0000567	-1	9	2	-1	-1	-1	0	-1	0	0	1	0	0	0	-2	0	0
OG0000568	0	0	0	-1	-1	0	3	0	0	0	0	0	0	-1	3	3	-1
OG0000569	-1	15	-1	2	-2	0	1	0	1	0	1	0	0	0	-2	0	0
OG0000570	-1	18	-2	-1	1	0	0	0	0	0	1	0	0	0	-2	0	0
OG0000571	-1	20	-2	-2	3	0	0	0	1	0	1	0	0	0	-3	0	0
OG0000572	-1	32	0	0	0	0	0	0	0	0	0	0	-1	0	-1	0	0
OG0000575	0	2	0	-1	-1	1	-1	1	-6	0	0	0	-1	-2	2	5	0
OG0000579	-1	15	-1	-2	2	0	0	0	0	0	0	0	0	0	-2	0	0
OG0000580	0	23	-2	1	-1	0	1	0	0	0	0	0	0	0	-2	0	0
OG0000583	-2	9	-1	-2	3	0	0	-1	1	0	1	0	0	0	-2	-1	0
OG0000585	-2	1	0	0	7	0	0	0	0	0	1	1	0	2	-2	1	-1
OG0000586	-1	20	-1	0	0	0	0	0	0	0	1	0	0	0	-3	0	0
OG0000591	-1	19	0	0	-1	0	1	0	0	0	0	0	0	0	-1	0	0
OG0000593	-1	22	2	0	-2	0	0	0	0	0	1	0	0	-1	-1	0	0
OG0000594	1	20	-1	-1	0	0	0	0	0	0	-1	0	-1	0	-3	0	0
OG0000595	-1	30	-1	0	-1	0	0	0	0	0	0	0	0	0	-1	0	0
OG0000597	-1	33	-1	0	0	0	0	0	0	0	0	0	0	0	-2	0	0
OG0000600	1	16	0	-2	1	0	0	-1	0	0	-1	0	0	-1	-4	-1	0
OG0000602	-1	18	-1	-2	0	0	0	0	0	0	1	0	0	0	-2	0	0
OG0000603	0	-1	-1	-1	2	1	-2	-1	3	0	0	0	0	0	7	2	0
OG0000605	2	-1	-1	-2	33	0	0	0	0	0	-3	0	0	1	-1	0	0
OG0000608	0	-1	-1	30	-1	0	0	0	0	0	0	0	0	4	-1	0	0
OG0000609	-1	-1	-2	5	5	0	0	0	-1	0	1	0	0	4	-2	0	0
OG0000611	-1	2	-1	2	1	0	1	1	-2	0	1	0	0	0	0	1	0
OG0000613	-1	12	-1	1	-1	0	-1	0	0	0	1	0	0	0	-1	0	0
OG0000615	0	27	-1	0	0	0	0	0	-1	0	1	0	-1	0	-2	0	0
OG0000616	0	26	-1	-1	-1	0	1	0	0	0	0	0	-1	0	-2	0	0
OG0000626	-1	29	-1	0	-1	0	0	0	0	0	0	0	0	0	-1	0	0
OG0000627	0	18	-1	-1	1	0	0	0	0	0	0	0	0	0	-1	0	0
OG0000631	-1	29	-1	0	-1	0	0	0	0	0	0	0	0	0	-1	0	0
OG0000634	2	0	0	0	0	0	2	-3	1	0	-2	-2	-1	0	4	2	0
OG0000637	4	24	-1	0	0	0	0	0	0	0	-4	0	-3	-1	-4	0	0
OG0000642	0	15	-1	-1	2	0	0	0	0	0	0	0	0	0	-3	0	0
OG0000647	0	28	0	0	0	0	0	1	0	0	1	0	-1	0	-1	0	0
OG0000654	-1	29	0	0	0	0	0	0	0	0	0	0	-1	0	-1	0	0
OG0000656	-1	15	-2	-2	1	3	-1	0	-2	0	0	0	-1	0	1	1	-1
OG0000662	-1	26	-1	0	0	0	0	0	0	0	0	0	0	0	-1	0	0
OG0000665	-1	0	-1	2	-1	0	0	0	4	0	1	0	0	0	0	-2	2
OG0000668	-1	14	0	1	-4	0	0	1	0	0	1	0	0	0	-2	0	0
OG0000669	-1	24	-2	0	-1	0	0	0	0	0	1	0	0	0	-2	0	0
OG0000670	0	25	-1	-1	0	0	0	0	-1	0	0	0	-1	0	-2	0	0
OG0000672	-2	15	0	-2	2	0	-1	0	-1	0	1	0	0	0	-2	0	0
OG0000674	1	-5	11	6	-4	0	0	0	0	0	-1	0	1	0	-5	0	0
OG0000677	-1	15	-2	-1	0	0	0	0	0	0	1	0	0	0	-2	0	0
OG0000679	-1	16	-2	-1	1	0	-1	0	-1	0	1	0	0	0	-2	0	0
OG0000680	0	-1	-1	0	25	0	0	0	0	0	0	0	0	5	-1	0	0
OG0000681	-1	27	-1	0	-1	0	0	0	0	0	0	0	0	0	-1	0	0
OG0000682	0	29	-1	0	0	0	0	0	0	0	0	0	0	0	-2	0	0
OG0000683	-1	13	-2	0	0	0	1	0	0	0	1	0	0	0	-2	0	0
OG0000688	-1	1	-1	17	-2	0	0	0	0	0	1	0	0	3	-2	0	0
OG0000689	-1	1	0	0	0	0	2	0	0	0	1	0	0	0	1	4	-1
OG0000690	0	22	-1	0	-2	0	0	0	0	0	-1	0	-2	0	-3	0	0
OG0000691	-1	11	-2	-1	6	-1	0	0	-1	0	1	0	0	0	-2	0	0
OG0000698	-1	23	-2	6	-3	0	0	0	0	0	0	1	0	0	-2	0	0
OG0000701	0	17	-2	0	-2	0	0	0	0	0	0	0	0	0	-3	0	0
OG0000704	-1	0	1	0	-1	0	2	0	2	0	0	0	0	0	4	0	0
OG0000710	-1	24	-1	0	0	0	1	0	0	0	0	0	0	0	-1	0	0
OG0000716	-1	17	-1	-1	-1	0	1	0	0	0	0	0	0	0	-1	0	0
OG0000719	-1	8	-1	1	-2	-1	0	1	0	0	0	0	0	0	-1	0	0
OG0000724	0	-1	-3	-1	2	0	1	-2	6	0	0	0	0	0	2	0	0
OG0000725	0	28	0	0	-1	0	0	0	0	0	1	0	-1	0	-1	0	0
OG0000726	0	-1	-1	-2	34	0	0	0	0	0	0	0	0	1	-1	0	0
OG0000732	0	-3	1	16	-1	0	0	0	0	0	-1	0	1	2	-3	0	0
OG0000736	-1	24	-1	-1	0	0	0	0	1	0	0	0	0	0	-1	0	0
OG0000738	-2	12	0	0	-3	0	0	0	-2	0	1	0	0	0	-1	0	0
OG0000740	-1	24	-1	0	0	0	0	0	0	0	0	0	0	0	-1	0	0
OG0000741	-1	0	-1	10	2	0	0	0	0	0	1	0	0	4	-2	0	0
OG0000742	3	-1	0	-1	-2	1	-6	1	0	0	-3	-1	0	-1	2	0	0
OG0000743	-1	25	0	0	-2	0	0	0	0	0	0	0	0	0	-1	0	0
OG0000747	-1	-2	10	0	5	0	0	0	0	0	0	0	4	1	-2	0	0
OG0000750	-1	16	-1	0	-1	0	0	0	0	0	0	0	0	0	-1	0	0
OG0000751	-1	18	-1	-1	-1	-1	0	0	0	0	1	0	-1	0	0	0	0
OG0000753	-1	24	-1	0	-1	0	1	0	0	0	0	0	0	0	-1	0	0
OG0000754	-1	23	-1	0	1	0	0	0	0	0	0	0	0	0	-1	0	0
OG0000755	-1	25	-1	0	-1	0	0	0	0	0	0	0	0	0	-1	0	0
OG0000756	1	-1	-2	1	13	0	0	0	0	0	-1	0	0	4	-3	0	0
OG0000767	0	-1	-1	4	8	0	0	-1	2	0	0	0	0	5	-1	0	0
OG0000774	0	25	0	0	0	0	0	0	0	0	1	0	-1	0	-1	0	0
OG0000775	0	17	-2	2	-1	0	0	0	0	0	0	0	0	0	-2	0	0
OG0000780	-1	18	-1	0	-2	0	0	0	-1	0	1	0	0	0	-1	0	0
OG0000782	0	23	-2	0	0	0	0	0	0	0	0	0	0	0	-1	0	0
OG0000786	0	13	-2	2	-2	0	-1	1	0	0	0	0	-1	0	0	0	0
OG0000788	0	17	0	-1	-1	0	0	0	0	0	0	0	-1	0	-1	0	0
OG0000789	-2	11	-2	0	2	0	0	0	-1	0	1	0	0	0	-2	0	0
OG0000790	0	24	-1	0	-2	0	0	0	0	0	0	0	0	0	-1	0	0
OG0000791	-1	24	-1	0	-2	0	1	0	0	0	0	0	0	0	-1	0	0
OG0000799	-1	18	-2	-1	1	0	1	0	0	0	1	0	0	0	-2	0	0
OG0000800	-1	24	-2	0	-1	0	0	0	0	0	0	0	0	0	-1	0	0
OG0000806	-1	19	-1	1	-2	0	0	0	0	0	1	0	0	0	-2	0	0
OG0000807	2	-4	11	3	-3	0	0	0	0	0	-2	0	1	0	-4	0	0
OG0000809	0	3	-2	1	2	0	-2	0	-1	0	-1	0	0	0	-1	0	0
OG0000810	0	25	0	0	-1	0	0	0	0	0	1	0	-1	0	-1	0	0
OG0000817	-1	10	-1	1	0	2	-2	0	-1	0	1	0	0	0	0	0	0
OG0000820	-1	20	0	1	-3	0	0	0	-1	0	1	0	0	0	-2	0	0
OG0000824	0	11	-1	0	-1	0	-1	-1	0	0	-1	0	0	-1	-2	0	0
OG0000827	0	-2	11	-4	13	0	0	0	0	0	0	0	2	0	-2	0	0
OG0000830	-1	0	-2	-1	14	-1	0	0	0	0	1	0	0	1	-1	0	0
OG0000832	0	23	0	0	0	0	0	0	0	0	1	0	-1	0	-1	0	0
OG0000839	-1	20	-1	0	0	0	0	0	1	0	0	0	0	0	-1	0	0
OG0000841	-2	3	0	0	2	0	-2	-1	0	0	1	1	0	1	-2	0	0
OG0000842	-1	4	12	-1	-1	0	0	0	0	0	1	1	0	-1	-2	0	0
OG0000845	-1	23	-1	0	-2	0	0	0	0	0	0	0	0	0	-1	0	0
OG0000846	-1	18	0	0	-2	0	0	0	0	0	1	0	0	0	-2	0	0
OG0000847	-1	14	-1	1	1	0	1	0	0	0	1	0	0	0	-2	0	0
OG0000848	0	-1	-1	27	-2	0	0	0	0	0	-1	0	0	2	-1	0	0
OG0000852	-1	16	-1	-1	0	0	0	0	0	0	1	0	0	0	-1	0	-1
OG0000858	0	18	-1	0	0	0	0	0	0	0	0	0	-1	0	-2	0	0
OG0000862	-1	22	-1	0	-1	0	0	0	0	0	0	0	0	0	-1	0	0
OG0000866	3	12	-2	0	0	0	-1	0	0	0	-3	0	-2	0	-3	0	0
OG0000867	-1	21	-1	0	-2	0	1	0	1	0	0	0	0	0	-1	0	0
OG0000872	13	1	0	-1	0	-1	2	0	0	0	-10	0	-1	0	-1	0	-1
OG0000882	-1	18	0	1	-1	0	0	0	1	0	0	0	0	0	-1	0	0
OG0000886	-1	4	0	1	1	0	-1	2	0	0	1	0	0	0	0	0	0
OG0000888	-1	21	-1	0	-1	0	0	0	0	0	0	0	0	0	-1	0	0
OG0000890	-1	14	-1	1	1	0	0	0	0	0	1	0	0	0	-2	0	0
OG0000892	0	3	0	3	-1	0	2	0	0	0	-1	0	0	0	-3	0	0
OG0000893	-1	17	-1	1	-2	0	0	0	0	0	1	0	0	0	-2	0	0
OG0000894	-1	20	-1	-1	1	0	0	0	0	0	0	0	0	0	-1	0	0
OG0000899	0	20	-2	0	-2	0	0	0	0	0	0	0	0	0	0	0	-1
OG0000900	-1	10	-1	1	-2	0	1	1	0	0	0	0	0	0	-1	0	0
OG0000901	0	22	0	0	0	0	1	0	0	0	0	0	0	0	0	0	0
OG0000902	0	19	-1	0	-2	0	0	0	0	0	0	0	-1	0	-2	0	0
OG0000906	-1	17	-1	0	1	-1	0	-1	0	0	0	0	0	0	0	0	0
OG0000907	-1	17	-2	-1	1	0	0	0	0	0	1	0	0	0	-2	0	0
OG0000908	0	22	0	-1	0	0	0	0	0	0	0	0	-1	0	-1	0	0
OG0000914	16	-1	2	0	0	0	0	0	0	0	-12	0	0	-1	-1	0	0
OG0000916	5	-3	-2	5	3	0	0	0	0	0	-4	0	0	2	-3	0	0
OG0000919	-1	21	0	0	-1	0	0	0	0	0	0	0	0	-1	-1	0	0
OG0000921	1	1	-1	1	2	1	-1	-1	0	0	-2	0	0	0	-2	0	-1
OG0000925	-1	14	-2	-1	0	0	0	0	-1	0	1	0	0	0	-1	0	0
OG0000930	-1	13	2	-1	-2	0	0	0	0	0	1	0	0	-1	-1	0	0
OG0000931	-1	18	-1	2	-1	0	0	0	0	0	0	0	0	0	-1	0	0
OG0000934	-1	21	-1	0	-2	0	0	0	0	0	0	0	0	0	-1	0	0
OG0000937	-1	10	-2	0	-1	0	1	1	0	0	0	0	0	0	-1	0	0
OG0000939	-1	21	-1	0	-2	0	0	0	0	0	0	0	0	0	-1	0	0
OG0000940	-1	20	-1	0	-1	0	0	0	0	0	0	0	0	0	-1	0	0
OG0000941	-1	20	-1	-1	0	0	0	0	0	0	0	0	0	0	-1	0	0
OG0000944	0	17	-1	-1	1	0	1	0	0	0	0	0	0	0	-1	0	0
OG0000951	-1	21	-1	0	-2	0	0	0	0	0	0	0	0	0	-1	0	0
OG0000954	-1	-1	0	-1	13	0	0	0	0	0	0	0	1	2	-1	0	0
OG0000955	0	-1	0	0	-1	0	1	0	1	0	0	0	0	0	5	-1	2
OG0000966	0	17	-1	0	-1	0	0	0	0	0	0	0	0	0	-3	0	0
OG0000970	-1	19	-1	0	-1	0	0	0	0	0	0	0	0	0	-1	0	0
OG0000973	0	18	0	-1	0	0	0	0	-1	0	0	0	0	0	-1	0	0
OG0000981	0	20	0	0	0	0	0	0	1	0	0	0	0	0	0	0	0
OG0000984	-1	9	-1	0	0	1	0	0	0	0	1	0	0	0	-1	0	0
OG0000988	-1	17	-1	0	1	0	0	0	0	0	0	0	0	0	-1	0	0
OG0000989	-1	17	1	-1	0	0	0	0	0	0	1	0	0	0	-3	0	0
OG0000995	-1	17	-1	0	1	0	0	0	0	0	0	0	0	0	-1	0	0
OG0000999	0	18	0	0	0	0	0	0	1	0	0	0	-1	0	-1	0	0
OG0001013	16	0	0	0	0	0	0	0	0	0	-12	0	-1	0	-1	0	0
OG0001014	-1	17	-1	0	-1	0	0	0	1	0	0	0	0	0	-1	0	0
OG0001029	0	-1	-1	23	-1	0	0	0	0	0	0	0	0	2	-1	0	0
OG0001035	-1	16	0	0	0	0	0	0	0	0	0	0	0	0	-1	0	0
OG0001039	0	5	-1	-2	0	1	-1	0	0	0	0	0	0	0	0	1	-1
OG0001040	0	24	-1	0	-1	0	0	0	0	0	0	0	-1	0	-2	0	0
OG0001043	-1	0	-1	0	-1	0	0	0	6	0	0	0	0	0	2	-2	2
OG0001044	-1	7	-1	-1	-1	0	0	0	-3	0	0	0	0	0	0	1	0
OG0001045	-1	18	-1	0	-1	0	0	0	0	0	0	0	0	0	-1	0	0
OG0001048	0	21	-1	0	-1	0	1	0	0	0	0	0	0	0	0	0	0
OG0001049	0	9	-2	0	-1	1	0	0	-1	0	0	0	0	0	-1	0	0
OG0001054	0	-1	-1	-2	26	0	0	0	0	0	0	0	0	1	-1	0	0
OG0001062	-1	-2	3	2	-1	0	0	1	-2	0	0	0	0	0	2	1	0
OG0001070	-1	17	-1	0	-1	0	0	0	0	0	0	0	0	0	-1	0	0
OG0001074	-1	15	-1	2	-1	0	0	0	0	0	1	0	0	0	-3	0	0
OG0001079	0	15	-1	0	0	0	0	0	0	0	0	0	0	0	-1	0	0
OG0001090	-1	20	-1	0	0	0	0	0	0	0	0	0	0	0	-2	0	0
OG0001092	0	16	-1	-1	0	0	0	0	0	0	0	0	0	0	-1	0	0
OG0001094	-1	12	2	0	-1	0	0	0	0	0	1	0	0	-1	-2	0	0
OG0001095	-1	2	-1	1	0	-1	2	-1	0	0	0	0	0	0	0	0	0
OG0001097	-1	11	-1	0	1	0	1	0	-1	0	1	0	0	0	-2	0	0
OG0001117	0	16	-1	0	-1	0	0	0	0	0	0	0	0	0	-1	0	0
OG0001118	-1	17	-1	0	-1	0	0	0	0	0	0	0	0	0	-1	0	0
OG0001121	0	-3	8	-4	9	0	0	0	0	0	0	0	1	0	-3	0	0
OG0001122	0	-2	16	-3	1	0	0	0	0	0	0	0	1	-1	-3	0	0
OG0001129	0	24	1	0	0	0	0	0	0	0	0	0	0	-1	-1	0	0
OG0001133	-1	16	-1	0	0	0	0	0	-1	0	0	0	0	0	-1	0	0
OG0001137	-1	7	-1	1	1	0	-1	0	-1	0	1	0	0	0	-1	0	0
OG0001138	13	-1	-1	1	-1	0	0	0	0	0	-11	0	0	0	-1	0	0
OG0001153	-1	16	-2	0	-1	0	0	0	1	0	0	0	0	0	-1	0	0
OG0001157	-1	5	-1	0	1	1	-2	-1	1	0	0	0	0	0	1	1	0
OG0001158	-1	14	-1	-1	0	0	2	0	0	0	0	0	0	0	-1	0	0
OG0001165	-1	6	-1	-2	7	0	0	0	0	0	1	0	0	0	-2	0	0
OG0001166	0	14	-1	-1	-1	0	0	0	0	0	0	0	-1	0	-2	0	0
OG0001167	-1	15	-1	-1	1	0	0	0	0	0	0	0	0	0	-1	0	0
OG0001168	-1	16	-1	0	-2	0	1	0	0	0	0	0	0	0	-1	0	0
OG0001170	-1	16	-1	0	-2	0	1	0	0	0	0	0	0	0	-1	0	0
OG0001175	-1	16	-1	0	-1	0	0	0	0	0	0	0	0	0	-1	0	0
OG0001180	-1	13	0	0	-1	-1	0	0	-1	0	0	0	0	0	0	0	0
OG0001184	0	-1	-1	-2	24	0	0	0	0	0	0	0	0	1	-1	0	0
OG0001185	0	-2	0	-3	20	0	0	0	0	0	0	0	0	1	-2	0	0
OG0001193	-1	9	0	-1	-1	-1	0	-1	0	0	1	0	0	0	-1	0	0
OG0001217	-1	19	-1	0	-1	0	0	0	0	0	0	0	0	0	-2	0	0
OG0001224	-1	13	-1	0	1	0	0	0	0	0	0	0	0	0	-1	0	0
OG0001231	0	18	0	0	-1	0	0	0	0	0	0	0	0	0	0	0	0
OG0001233	-1	15	-1	0	-1	0	0	0	0	0	0	0	0	0	-1	0	0
OG0001234	-1	15	0	-1	-1	0	0	0	0	0	0	0	0	0	-1	0	0
OG0001245	-1	9	0	0	-1	0	1	0	0	0	0	0	0	0	0	0	0
OG0001251	0	13	0	-2	1	0	0	0	0	0	0	0	0	0	-1	0	0
OG0001261	-1	14	-1	0	0	-1	0	0	0	0	0	0	0	0	-1	0	0
OG0001262	0	16	0	0	-1	-1	0	0	0	0	0	0	-1	0	-1	0	0
OG0001264	-1	11	-1	0	2	0	0	0	0	0	1	0	0	0	-3	0	0
OG0001268	-1	10	-1	0	-2	0	1	0	0	0	0	0	0	0	0	0	0
OG0001269	-1	13	-1	0	0	0	0	0	0	0	0	0	0	0	-1	0	0
OG0001271	0	14	-1	0	-2	0	0	0	0	0	0	0	0	0	-1	0	0
OG0001275	0	15	0	0	0	0	1	0	0	0	0	0	0	0	0	0	0
OG0001280	0	18	-1	0	-2	0	0	0	0	0	0	0	0	0	-2	0	0
OG0001300	-1	12	-1	0	-1	0	0	0	0	0	0	0	0	0	0	-1	0
OG0001302	-1	14	-1	0	-1	0	0	0	0	0	0	0	0	0	-1	0	0
OG0001311	-1	13	-1	0	0	0	0	0	0	0	0	0	0	0	-1	0	0
OG0001316	-1	2	-1	1	0	0	0	1	-3	0	1	0	0	0	0	0	0
OG0001320	-1	14	-1	-2	1	0	0	0	0	0	0	0	0	0	-1	0	0
OG0001344	0	16	0	0	-1	0	0	0	0	0	0	0	0	0	0	0	0
OG0001349	-1	13	-1	0	-1	0	0	0	0	0	0	0	0	0	-1	0	0
OG0001352	0	14	0	0	0	0	1	0	0	0	0	0	0	0	0	0	0
OG0001357	-1	13	-1	0	-1	0	0	0	0	0	0	0	0	0	-1	0	0
OG0001360	0	11	-1	0	1	0	0	0	-1	0	0	0	0	0	-1	0	0
OG0001362	-1	13	-1	0	-1	0	0	0	0	0	0	0	0	0	-1	0	0
OG0001364	-1	13	-1	0	0	0	-1	0	0	0	0	0	0	0	-1	0	0
OG0001366	0	12	0	0	0	0	0	0	1	0	0	0	-1	0	-1	0	0
OG0001370	-1	13	-1	0	-1	0	0	0	0	0	0	0	0	0	-1	0	0
OG0001376	-1	12	-1	-1	0	0	1	0	0	0	0	0	0	0	-1	0	0
OG0001389	0	15	0	0	0	0	0	0	0	0	-1	0	-2	0	-1	0	0
OG0001408	-1	8	0	0	0	0	0	0	-2	0	0	0	0	0	0	0	0
OG0001410	0	15	0	0	-1	0	0	0	0	0	0	0	0	0	0	0	0
OG0001439	0	2	-1	0	0	0	3	0	0	0	-1	0	0	0	0	0	0
OG0001459	0	14	0	1	-1	0	0	0	0	0	0	0	0	0	0	0	0
OG0001460	-1	10	0	0	-1	0	1	0	0	0	0	0	0	0	-1	0	0
OG0001495	0	18	0	0	0	0	0	0	0	0	-1	0	-2	0	-2	0	0
OG0001534	0	16	0	0	1	0	0	0	0	0	0	0	0	0	-1	0	0
OG0001557	-1	13	0	0	0	0	0	0	0	0	0	0	0	0	-2	0	0
OG0001587	1	10	0	0	0	0	1	0	0	0	-1	0	-1	-1	-1	0	0
OG0001588	0	15	0	-1	0	0	-1	0	0	0	0	0	0	0	0	0	0
OG0001635	-1	2	0	2	-1	0	-3	-1	1	0	0	0	0	0	1	0	0
OG0001639	-1	8	-1	0	0	0	1	0	0	0	0	0	0	0	-1	0	0
OG0001660	-1	9	-1	0	-1	0	1	0	0	0	0	0	0	0	-1	0	0
OG0001662	-1	13	0	0	-1	0	0	0	0	0	0	0	0	0	-2	0	0
OG0001700	-1	1	9	-1	-1	0	0	0	-2	0	0	0	0	-1	0	0	0
OG0001702	0	12	0	0	0	0	2	0	0	0	0	0	0	-1	0	0	0
OG0001703	0	13	1	0	0	0	0	0	0	0	0	0	0	-1	0	0	0
OG0001715	0	19	0	0	0	0	0	0	0	0	0	0	-1	0	-1	0	0
OG0001728	-1	8	-1	0	0	0	0	1	-1	0	0	0	0	0	-1	0	0
OG0001751	-1	2	-1	0	1	-1	1	0	1	0	0	0	0	0	0	0	0
OG0001761	0	5	0	0	0	-1	1	-1	3	0	0	0	0	0	1	0	0
OG0001767	0	7	-1	0	-2	0	2	0	0	0	0	0	0	0	-1	0	0
OG0001772	-1	0	4	-2	4	0	0	0	-1	0	1	0	0	0	-2	-1	0
OG0001804	-1	8	-1	0	-1	1	0	0	0	0	0	0	0	0	-1	0	0
OG0001814	-1	8	-1	0	-1	1	0	0	0	0	0	0	0	0	-1	0	0
OG0001856	0	18	0	0	0	0	0	0	0	0	0	0	-1	0	-1	0	0
OG0001857	0	18	0	0	0	0	0	0	0	0	0	0	-1	0	-1	0	0
OG0001896	-1	1	-1	-1	5	0	1	0	1	0	0	0	0	0	-1	0	0
OG0001916	0	11	-1	0	1	0	0	0	-1	0	0	0	0	0	0	0	0
OG0001943	-1	2	0	0	-1	1	-3	-1	0	0	0	0	0	0	1	0	0
OG0001952	-1	-1	-1	0	0	0	-2	0	2	0	0	0	0	0	1	0	0
OG0001972	0	14	0	-1	1	0	0	0	0	0	0	0	0	0	-1	0	0
OG0002129	0	4	0	-1	0	-1	0	1	-1	0	-1	0	-1	0	0	0	0
OG0002130	0	3	0	0	0	-1	1	0	0	0	0	0	0	-1	2	0	0
OG0002139	1	-1	0	-1	13	0	0	0	0	0	-1	0	0	0	-1	0	0
OG0002140	0	-1	-1	-1	16	0	0	0	0	0	0	0	0	0	-1	0	0
OG0002145	-1	0	12	-1	0	0	0	0	0	0	0	0	0	-1	-2	0	0
OG0002241	-1	4	2	0	-2	-1	1	0	0	0	0	0	0	0	-1	0	0
OG0002316	0	9	0	0	0	0	1	0	0	0	-1	0	-1	0	0	0	0
OG0002352	-1	1	-1	1	0	0	-2	0	0	0	0	0	0	0	0	0	0
OG0002355	0	6	0	1	0	0	1	0	-1	0	0	0	0	0	0	0	0
OG0002486	0	2	0	-1	1	1	-1	0	0	0	0	0	0	0	-1	0	0
OG0002533	0	14	0	0	0	0	0	0	0	0	0	0	-1	0	-1	0	0
OG0002557	0	8	0	0	-1	-1	0	0	0	0	0	0	0	0	0	0	0
OG0002592	0	8	0	0	0	0	-1	0	-1	0	0	0	0	0	0	0	0
OG0002694	0	0	0	0	1	0	2	0	1	0	0	0	0	1	0	0	0
OG0002751	0	-1	-1	0	0	0	2	0	-1	0	0	0	0	0	0	0	-1
OG0002778	0	12	-1	-1	0	0	0	0	0	0	0	0	0	0	-1	0	0
OG0002779	0	-1	-1	-1	13	0	0	0	0	0	0	0	0	0	-1	0	0
OG0003028	0	2	0	1	-1	0	1	0	2	0	0	0	0	0	0	0	0
OG0003084	0	0	0	0	0	-1	0	5	0	0	-1	-1	0	0	1	0	0
OG0003108	0	0	-1	-1	9	-1	0	0	0	0	-1	0	0	0	0	0	-1
OG0003395	0	-1	0	0	3	-1	2	0	0	0	0	0	1	0	0	0	-1
OG0003557	0	-1	-1	-1	11	0	0	0	0	0	0	0	0	0	-1	0	0
OG0005399	0	2	0	3	-1	-1	0	0	0	0	0	0	0	0	0	0	-1
OG0005894	0	-1	0	1	0	0	-2	0	-1	0	0	0	0	0	1	0	0
OG0005923	0	2	0	0	0	1	-1	-1	0	0	0	0	0	0	0	0	0
OG0006580	0	0	0	1	-1	1	-1	0	0	0	0	0	0	0	0	0	0
OG0007768	0	-1	0	1	0	-1	1	0	0	0	0	0	0	0	0	0	-1
OG0011242	0	0	0	0	0	-1	2	0	0	0	0	-1	0	0	0	0	-1
